score_softmax,score_softmax_last_05,score_softmax_last_20,steps_softmax_last_20,score_greedy,performance,pi_optimal__flattened,pi_flattened,observations,done,time_this_iter_s,timesteps_total,episodes_total,training_iteration,trial_id,experiment_id,date,timestamp,time_total_s,pid,hostname,node_ip,time_since_restore,timesteps_since_restore,iterations_since_restore,warmup_time
5.801604999999713,9.89999999999967,9.89999999999967,43.0,9.9,"[-6.3396 -4.773  -4.411  -3.8632 -4.1988 -3.3608 -2.7958 -1.8624 -1.098
 -0.5814 -0.3872  0.144   0.923   7.2684  9.9     9.9     9.9     9.9
  9.9     9.9     9.9     9.9     9.9     9.9     9.9     9.9     9.9
  9.9     9.9     9.9     9.9     9.9     9.9     9.9     9.9     9.9
  9.9     9.9     9.9     9.9   ]","Greedy policy found:
 - , e , s , s , w , w , n , w , n , - , s , w , s , - , s , - , e , s , s 
 s , s , - , - , s , e , e , w , e , s , s , n , s , e , - , n , w , n , n 
 - , s , - , e , - , s , e , e , e , s , w , w , - , e , - , w , n , - , n 
 w , - , e , n , s , s , n , s , e , s , s , w , w , n , s , e , s , w , e 
 e , w , e , - , s , s , n , s , w , S , s , w , w , e , w , w , s , s , - 
 s , - , w , n , w , e , s , w , s , e , e , s , s , s , s , e , n , w , w 
 w , s , - , n , - , - , N , w , w , e , e , e , S , w , s , s , e , s , e 
 e , w , w , s , e , s , n , w , s , w , e , e , s , n , - , s , w , w , e 
 e , s , s , e , w , e , N , w , s , w , n , e , S , s , - , e , n , s , - 
 n , e , n , e , e , s , n , w , s , w , e , - , s , s , e , s , w , e , s 
 w , s , - , s , e , e , E , n , w , n , w , e , S , s , w , w , e , n , w 
 w , n , n , e , e , e , n , s , w , e , e , n , s , w , s , w , w , s , s 
 s , s , e , n , - , n , W , w , s , s , w , w , W , n , w , e , w , n , n 
 n , - , s , - , n , n , n , w , n , s , w , s , w , e , - , n , s , w , n 
 n , n , n , n , w , n , e , n , w , W , - , e , w , e , n , s , e , n , s 
 e , - , s , n , - , e , s , n , - , n , e , e , s , - , e , e , s , w , w 
 s , - , s , n , e , n , e , n , e , s , s , s , e , n , w , s , s , - , w 
 w , n , - , - , n , n , s , s , s , s , w , n , e , n , w , - , w , - , - 
 w , - , n , s , w , s , s , e , e , - , e , e , - , e , - , n , w , n , s 
","(A,S) Value function =(361, 5)
Row 0
[[-0.135 -0.088 -0.102 -0.113 -0.045]
 [-0.208 -0.085 -0.051 -0.186 -0.172]
 [-0.19  -0.039 -0.09  -0.126 -0.059]
 [-0.063 -0.039 -0.14  -0.106 -0.067]
 [-0.026 -0.116 -0.078 -0.152 -0.084]
 [-0.061 -0.11  -0.111 -0.097 -0.11 ]
 [-0.108 -0.152 -0.134 -0.081 -0.11 ]
 [-0.086 -0.098 -0.185 -0.124 -0.097]
 [-0.126 -0.075 -0.142 -0.047 -0.097]
 [-0.028 -0.071 -0.062 -0.126 -0.025]
 [-0.022  0.024 -0.213  0.    -0.017]
 [ 0.    -0.127 -0.097 -0.147 -0.103]
 [-0.113 -0.083 -0.112 -0.116 -0.1  ]
 [-0.091 -0.104 -0.103 -0.121 -0.057]
 [-0.144 -0.016 -0.053 -0.165 -0.07 ]
 [-0.076 -0.075 -0.065 -0.039 -0.022]
 [-0.091 -0.038 -0.032 -0.132 -0.057]
 [-0.055  0.    -0.059  0.    -0.074]
 [-0.039  0.    -0.066 -0.031 -0.023]]
Row 1
[[-0.171 -0.028 -0.088 -0.149 -0.155]
 [-0.155 -0.091 -0.106 -0.208 -0.169]
 [-0.132 -0.209 -0.062 -0.114 -0.015]
 [-0.1   -0.109 -0.036 -0.158 -0.029]
 [-0.124 -0.03  -0.053 -0.103 -0.04 ]
 [-0.095 -0.108 -0.075 -0.108 -0.13 ]
 [-0.099 -0.199 -0.079 -0.152 -0.155]
 [-0.078 -0.081 -0.147 -0.264 -0.164]
 [-0.159 -0.135 -0.066 -0.167 -0.126]
 [-0.148 -0.02  -0.098 -0.092 -0.057]
 [-0.067  0.055 -0.125 -0.062 -0.117]
 [-0.13  -0.134 -0.149 -0.127 -0.13 ]
 [-0.194 -0.053 -0.122 -0.156 -0.099]
 [-0.087 -0.151 -0.081 -0.118 -0.137]
 [-0.038 -0.194 -0.015 -0.186  0.   ]
 [-0.107 -0.126 -0.05   0.    -0.059]
 [-0.035 -0.139 -0.056 -0.037 -0.146]
 [-0.069 -0.061 -0.062  0.     0.   ]
 [-0.028 -0.022 -0.025  0.    -0.031]]
Row 2
[[-0.037 -0.086 -0.092 -0.041  0.   ]
 [-0.109 -0.029 -0.054 -0.227 -0.117]
 [-0.12  -0.126 -0.174 -0.09  -0.03 ]
 [-0.083 -0.126 -0.024 -0.142 -0.033]
 [-0.071 -0.018 -0.138 -0.089  0.   ]
 [-0.104 -0.038 -0.185 -0.08  -0.135]
 [-0.032 -0.141  0.798 -0.221 -0.13 ]
 [-0.045 -0.126  1.04  -0.284 -0.142]
 [-0.166 -0.058  1.118 -0.104 -0.094]
 [-0.221  1.847 -0.242 -0.185 -0.138]
 [ 0.131 -0.03  -0.277 -0.092 -0.115]
 [-0.015 -0.101 -0.124 -0.219 -0.158]
 [-0.088 -0.13  -0.084 -0.17  -0.078]
 [-0.124 -0.091 -0.032 -0.178 -0.094]
 [-0.18  -0.043 -0.091 -0.125 -0.014]
 [-0.017 -0.114 -0.107 -0.148 -0.074]
 [-0.136 -0.109 -0.12  -0.031 -0.116]
 [-0.123 -0.043 -0.051 -0.099 -0.037]
 [-0.06  -0.057 -0.033  0.     0.   ]]
Row 3
[[ 0.    -0.088 -0.076 -0.084 -0.035]
 [-0.125 -0.002 -0.157 -0.099  0.   ]
 [-0.095 -0.177 -0.088 -0.152 -0.15 ]
 [-0.211 -0.113 -0.065 -0.021 -0.156]
 [-0.102 -0.061 -0.149 -0.07  -0.073]
 [-0.153 -0.017 -0.153 -0.119 -0.032]
 [-0.133 -0.039 -0.109  0.631 -0.131]
 [-0.076 -0.024 -0.139 -0.18  -0.059]
 [-0.138 -0.123  0.053 -0.138 -0.158]
 [-0.104  1.901 -0.206 -0.069 -0.157]
 [-0.159  0.175 -0.182 -0.121 -0.061]
 [ 0.057 -0.257 -0.135 -0.141 -0.105]
 [-0.077 -0.129 -0.078 -0.202 -0.137]
 [-0.107 -0.127 -0.108 -0.075 -0.213]
 [-0.179  0.    -0.084 -0.177 -0.04 ]
 [-0.18  -0.058 -0.045 -0.088 -0.13 ]
 [-0.127 -0.024 -0.086 -0.079 -0.033]
 [-0.045 -0.065 -0.059 -0.082 -0.087]
 [-0.059 -0.073 -0.028 -0.034 -0.03 ]]
Row 4
[[-0.052 -0.124 -0.031 -0.039 -0.04 ]
 [-0.013 -0.093 -0.104 -0.072 -0.069]
 [-0.14  -0.076 -0.046 -0.168 -0.123]
 [-0.084 -0.102 -0.119 -0.136 -0.057]
 [-0.158 -0.047 -0.059 -0.183 -0.089]
 [-0.211  0.114 -0.043 -0.159 -0.024]
 [-0.177  0.056 -0.035  0.519 -0.015]
 [-0.132  0.105 -0.08  -0.087 -0.078]
 [ 0.009 -0.088 -0.224 -0.054 -0.172]
 [-0.156  1.187 -0.062 -0.114 -0.195]
 [ 0.007  0.062 -0.235 -0.175 -0.07 ]
 [-0.048 -0.053 -0.137 -0.131 -0.097]
 [-0.041 -0.056 -0.086 -0.245 -0.087]
 [-0.119 -0.079 -0.046 -0.121 -0.075]
 [-0.026 -0.061 -0.036 -0.035 -0.058]
 [ 0.    -0.128 -0.014 -0.061 -0.027]
 [-0.021  0.    -0.032 -0.07  -0.062]
 [-0.054  0.    -0.032 -0.059 -0.034]
 [-0.046 -0.054 -0.048 -0.063 -0.025]]
Row 5
[[-8.800e-02 -5.100e-02 -6.700e-02 -5.800e-02 -5.900e-02]
 [-1.420e-01 -9.200e-02 -2.900e-02 -9.800e-02 -2.600e-02]
 [-3.100e-02 -1.250e-01 -1.090e-01 -7.800e-02 -6.900e-02]
 [-1.150e-01 -9.700e-02 -8.600e-02 -7.700e-02 -1.430e-01]
 [-3.600e-02 -6.100e-02 -8.000e-02 -2.100e-01 -9.500e-02]
 [-1.450e-01 -7.500e-02  1.370e-01 -1.440e-01 -5.000e-02]
 [-5.500e-02  5.890e-01 -2.450e-01  4.450e-01 -1.690e-01]
 [ 8.000e-02 -5.500e-02 -4.500e-02 -1.170e-01 -2.400e-01]
 [ 1.100e-02  9.600e-02 -5.000e-02 -2.020e-01 -1.430e-01]
 [-8.700e-02  1.600e-02  1.413e+00 -2.220e-01  7.000e-03]
 [ 1.660e-01 -2.700e-02  1.556e+00 -2.010e-01 -1.000e-03]
 [-7.300e-02  1.641e+00 -1.600e-02 -8.500e-02 -8.800e-02]
 [-1.160e-01  6.800e-02 -1.190e-01 -1.660e-01 -1.670e-01]
 [-7.700e-02 -5.000e-03 -1.920e-01 -6.400e-02 -1.350e-01]
 [-1.320e-01 -4.600e-02 -7.400e-02 -1.020e-01 -8.300e-02]
 [-8.800e-02 -5.300e-02 -5.000e-02 -5.800e-02 -1.080e-01]
 [-2.400e-02 -3.100e-02 -2.600e-02  0.000e+00  0.000e+00]
 [ 0.000e+00 -6.100e-02 -3.700e-02  0.000e+00 -6.500e-02]
 [-2.900e-02 -6.100e-02 -8.800e-02 -4.300e-02 -3.800e-02]]
Row 6
[[-0.012 -0.066 -0.146 -0.026 -0.034]
 [-0.13  -0.019 -0.088 -0.075 -0.033]
 [-0.109 -0.054 -0.123 -0.112 -0.017]
 [-0.128 -0.153 -0.105 -0.062 -0.117]
 [-0.15  -0.079 -0.078 -0.087 -0.052]
 [-0.105 -0.091 -0.137 -0.107 -0.081]
 [-0.139  0.138 -0.137  0.447 -0.093]
 [ 0.853 -0.055 -0.106 -0.183  0.237]
 [ 0.517 -0.273 -0.18  -0.092 -0.035]
 [-0.085 -0.088  0.007 -0.122 -0.142]
 [-0.147 -0.076  0.529 -0.179 -0.023]
 [-0.094 -0.097  2.495 -0.287  0.14 ]
 [-0.098  1.633 -0.068 -0.239 -0.018]
 [ 0.071 -0.095 -0.121 -0.05  -0.03 ]
 [-0.063 -0.058 -0.109 -0.076 -0.061]
 [-0.084 -0.054 -0.067 -0.112 -0.088]
 [-0.086 -0.058  0.    -0.026 -0.031]
 [-0.083 -0.015 -0.081 -0.032 -0.064]
 [-0.047 -0.109 -0.034 -0.057 -0.035]]
Row 7
[[-0.027 -0.018  0.    -0.11   0.   ]
 [ 0.    -0.03  -0.025  0.     0.   ]
 [ 0.    -0.171 -0.048 -0.084 -0.032]
 [-0.127 -0.07  -0.12  -0.121 -0.088]
 [-0.158 -0.133 -0.033 -0.092 -0.1  ]
 [-0.106 -0.079 -0.089 -0.109 -0.144]
 [-0.165  0.2    0.128  0.893  0.061]
 [ 0.077 -0.004 -0.17   0.064 -0.1  ]
 [-0.02  -0.014 -0.106 -0.067 -0.065]
 [-0.023 -0.088 -0.054 -0.095 -0.132]
 [-0.106 -0.071  0.106 -0.056 -0.015]
 [-0.186  0.078  0.192 -0.112 -0.105]
 [-0.042  2.    -0.111 -0.17  -0.125]
 [-0.132 -0.201 -0.026 -0.007 -0.11 ]
 [-0.081 -0.097 -0.113 -0.048  0.   ]
 [-0.106 -0.027 -0.031 -0.058 -0.059]
 [ 0.     0.    -0.095  0.     0.   ]
 [ 0.    -0.083 -0.102 -0.105 -0.106]
 [-0.112 -0.074 -0.038 -0.048 -0.046]]
Row 8
[[-0.062 -0.069  0.    -0.033  0.   ]
 [-0.055 -0.009 -0.081 -0.027 -0.027]
 [-0.07  -0.021 -0.15  -0.074 -0.046]
 [-0.164 -0.136 -0.019 -0.094 -0.089]
 [-0.039 -0.112 -0.073 -0.18  -0.129]
 [-0.178 -0.071  0.    -0.088 -0.095]
 [-0.102  0.029 -0.086  0.963 -0.041]
 [ 0.11  -0.115 -0.134 -0.016 -0.05 ]
 [-0.025 -0.018 -0.099 -0.044 -0.082]
 [-0.046 -0.058 -0.056 -0.084 -0.058]
 [-0.079 -0.096 -0.076 -0.005 -0.036]
 [-0.127 -0.065  0.148 -0.041  0.016]
 [-0.067  1.537 -0.171 -0.136 -0.005]
 [-0.083 -0.015 -0.158 -0.14  -0.172]
 [-0.071 -0.132 -0.128 -0.085 -0.059]
 [-0.044 -0.033 -0.016 -0.07  -0.072]
 [-0.05  -0.076 -0.028  0.    -0.094]
 [-0.065 -0.032 -0.04  -0.084 -0.04 ]
 [-0.06  -0.054 -0.035 -0.043 -0.022]]
Row 9
[[-0.053 -0.039 -0.125 -0.023 -0.049]
 [-0.102 -0.048  0.    -0.048 -0.055]
 [-0.015 -0.031 -0.076  0.     0.   ]
 [-0.031 -0.149 -0.011 -0.146 -0.095]
 [-0.083 -0.075  0.005 -0.159 -0.046]
 [-0.11   0.002 -0.074 -0.104 -0.101]
 [-0.196  0.025  0.086  1.318 -0.032]
 [ 1.498  0.293 -0.268 -0.111 -0.097]
 [ 0.033  0.102 -0.059 -0.077 -0.111]
 [ 0.107 -0.101 -0.035 -0.081 -0.097]
 [-0.066 -0.061 -0.046 -0.116 -0.058]
 [-0.088 -0.097 -0.068 -0.053 -0.011]
 [-0.072  1.495 -0.119 -0.139 -0.091]
 [-0.055 -0.003 -0.13  -0.116 -0.092]
 [-0.087 -0.097 -0.036 -0.136 -0.118]
 [-0.034  0.019 -0.112  0.    -0.049]
 [ 0.    -0.12  -0.035 -0.073 -0.101]
 [-0.022 -0.029  0.    -0.072 -0.032]
 [-0.052  0.    -0.093 -0.034  0.   ]]
Row 10
[[ 0.     0.    -0.022 -0.068 -0.01 ]
 [-0.052  0.    -0.062 -0.054 -0.064]
 [-0.053 -0.056 -0.063 -0.013  0.   ]
 [-0.072 -0.031 -0.057 -0.127 -0.046]
 [-0.099 -0.144  0.208 -0.077  0.101]
 [-0.041 -0.065  0.622 -0.04  -0.098]
 [-0.2    0.008  1.16  -0.18  -0.117]
 [ 0.024  0.09  -0.165  1.241 -0.195]
 [ 0.204 -0.096 -0.095 -0.098  0.002]
 [-0.045 -0.071 -0.138  0.041 -0.06 ]
 [-0.033 -0.099 -0.09  -0.089 -0.165]
 [-0.099 -0.113 -0.058 -0.132 -0.076]
 [-0.113  1.077 -0.166 -0.173 -0.113]
 [-0.202  0.091 -0.05  -0.147 -0.082]
 [ 0.068 -0.1   -0.102 -0.104 -0.11 ]
 [-0.003 -0.094 -0.057 -0.034 -0.044]
 [-0.094 -0.098 -0.021 -0.08  -0.061]
 [-0.064 -0.035 -0.054  0.    -0.029]
 [ 0.     0.     0.    -0.051  0.   ]]
Row 11
[[ 0.    -0.073 -0.003  0.    -0.05 ]
 [-0.012 -0.079 -0.03   0.002 -0.043]
 [-0.031 -0.139 -0.056  0.    -0.065]
 [-0.056 -0.063  0.    -0.031 -0.06 ]
 [-0.034 -0.106  0.013 -0.054 -0.118]
 [-0.043 -0.073  1.356  0.184 -0.166]
 [ 0.081 -0.056 -0.142  1.414 -0.061]
 [ 0.005  0.295  0.015 -0.122 -0.166]
 [ 0.279 -0.069 -0.18  -0.205 -0.116]
 [-0.169 -0.117  0.023 -0.042 -0.054]
 [-0.052 -0.15   0.033 -0.157 -0.175]
 [-0.089 -0.102 -0.114 -0.065 -0.136]
 [-0.133  1.216 -0.153 -0.049 -0.02 ]
 [ 0.02  -0.14  -0.066 -0.147 -0.087]
 [-0.072  0.016 -0.124 -0.051 -0.055]
 [-0.011 -0.076 -0.073 -0.079 -0.075]
 [-0.043 -0.055 -0.092 -0.088 -0.136]
 [-0.084  0.    -0.02  -0.05  -0.041]
 [-0.026  0.     0.     0.    -0.04 ]]
Row 12
[[-0.088 -0.028 -0.065 -0.029 -0.114]
 [-0.083 -0.019 -0.116 -0.104 -0.019]
 [-0.091 -0.16  -0.068 -0.08  -0.083]
 [-0.127 -0.062 -0.143  0.    -0.061]
 [-0.111 -0.131 -0.068 -0.093 -0.029]
 [-0.094 -0.111 -0.116  1.227 -0.13 ]
 [ 0.959 -0.072 -0.2    0.123 -0.132]
 [ 0.457 -0.058 -0.103 -0.052 -0.347]
 [-0.108 -0.015 -0.108 -0.096 -0.086]
 [-0.173  1.306 -0.216 -0.11  -0.117]
 [ 1.1   -0.15  -0.256 -0.104  0.022]
 [ 0.823 -0.192 -0.122 -0.204 -0.094]
 [ 0.822 -0.217 -0.148 -0.173 -0.24 ]
 [-0.178 -0.116 -0.089 -0.025 -0.053]
 [ 0.03  -0.095 -0.154 -0.07  -0.073]
 [-0.119 -0.032  0.    -0.075 -0.013]
 [-0.038 -0.045 -0.082 -0.065 -0.061]
 [-0.076 -0.061 -0.076  0.     0.   ]
 [-0.029 -0.017 -0.047  0.    -0.031]]
Row 13
[[-0.027 -0.09  -0.055 -0.017 -0.033]
 [-0.058 -0.071 -0.112 -0.043  0.   ]
 [-0.085 -0.081 -0.093 -0.095 -0.111]
 [-0.08  -0.093 -0.124 -0.077 -0.023]
 [-0.131 -0.177 -0.086 -0.071 -0.133]
 [-0.271 -0.126 -0.052 -0.023 -0.077]
 [-0.27  -0.02   0.118  1.396 -0.126]
 [ 1.257 -0.262 -0.067  0.264 -0.157]
 [-0.005 -0.198 -0.061  0.04  -0.158]
 [-0.169  1.207 -0.194  0.133 -0.2  ]
 [ 0.039 -0.088 -0.142 -0.25  -0.116]
 [-0.123 -0.013 -0.142 -0.223 -0.119]
 [-0.077 -0.121 -0.17  -0.176 -0.151]
 [-0.158 -0.115 -0.074 -0.091 -0.137]
 [-0.059 -0.123 -0.051 -0.065 -0.036]
 [-0.061 -0.068 -0.084 -0.051 -0.091]
 [-0.022 -0.019 -0.139 -0.099 -0.047]
 [-0.022 -0.077 -0.031 -0.1   -0.023]
 [-0.025 -0.035 -0.117  0.    -0.02 ]]
Row 14
[[-9.300e-02 -5.000e-02 -7.500e-02 -4.900e-02 -5.700e-02]
 [-7.300e-02 -5.400e-02 -1.540e-01 -5.400e-02 -5.500e-02]
 [-1.830e-01 -1.110e-01 -1.030e-01 -2.900e-02 -7.600e-02]
 [-1.420e-01 -7.600e-02 -7.300e-02 -5.400e-02 -1.500e-01]
 [-3.000e-02 -1.580e-01 -9.700e-02 -1.610e-01 -1.480e-01]
 [-1.330e-01 -1.270e-01 -1.840e-01 -6.300e-02 -1.040e-01]
 [-2.550e-01 -1.350e-01 -6.000e-03 -7.100e-02 -5.400e-02]
 [-2.350e-01  9.880e-01 -2.350e-01  1.158e+00 -1.330e-01]
 [ 7.820e-01 -2.410e-01 -1.290e-01 -1.140e-01 -9.400e-02]
 [ 6.200e-01 -1.810e-01 -2.770e-01 -2.800e-02 -1.710e-01]
 [-5.800e-02 -1.500e-01 -2.140e-01 -1.790e-01 -2.500e-02]
 [-1.480e-01 -1.680e-01 -5.400e-02 -1.760e-01 -1.420e-01]
 [-7.100e-02 -1.040e-01 -1.700e-01 -2.270e-01 -8.400e-02]
 [-1.480e-01 -6.800e-02 -2.600e-02 -2.210e-01 -1.440e-01]
 [-1.220e-01 -1.380e-01 -8.600e-02 -1.800e-02 -2.500e-02]
 [-1.060e-01 -6.700e-02 -1.070e-01 -1.060e-01 -1.310e-01]
 [-1.410e-01 -1.400e-02 -5.000e-03 -9.300e-02 -9.000e-02]
 [-1.160e-01 -4.900e-02 -3.400e-02 -2.700e-02 -1.330e-01]
 [-4.300e-02 -1.000e-03 -1.420e-01 -3.700e-02 -2.800e-02]]
Row 15
[[-0.057 -0.087 -0.031 -0.072 -0.081]
 [-0.104 -0.09  -0.026 -0.075  0.   ]
 [-0.124 -0.017 -0.093 -0.106 -0.063]
 [-0.067 -0.115 -0.116 -0.025 -0.064]
 [-0.065 -0.089 -0.081 -0.163 -0.035]
 [-0.215 -0.034 -0.01  -0.111 -0.111]
 [-0.098 -0.074 -0.149 -0.078 -0.077]
 [-0.144 -0.162 -0.179  1.205 -0.069]
 [-0.155 -0.154 -0.155 -0.176 -0.118]
 [-0.144 -0.198 -0.172 -0.09  -0.148]
 [-0.221 -0.084 -0.064 -0.241 -0.147]
 [-0.316 -0.106 -0.026 -0.081 -0.174]
 [-0.088 -0.041 -0.119 -0.211 -0.056]
 [-0.1   -0.163 -0.091 -0.1   -0.055]
 [-0.226 -0.121 -0.023 -0.047 -0.101]
 [-0.146 -0.061 -0.04  -0.06  -0.08 ]
 [-0.072  0.    -0.032 -0.035  0.   ]
 [ 0.     0.    -0.025 -0.064  0.   ]
 [ 0.    -0.009 -0.068 -0.035 -0.035]]
Row 16
[[-0.098 -0.012 -0.102 -0.058 -0.087]
 [-0.097 -0.132 -0.057 -0.091  0.   ]
 [-0.115 -0.034 -0.06  -0.113 -0.035]
 [-0.115 -0.052 -0.101 -0.051 -0.069]
 [-0.085 -0.156 -0.027 -0.087 -0.111]
 [-0.099 -0.105 -0.075 -0.041 -0.052]
 [-0.082 -0.066 -0.058 -0.158 -0.082]
 [-0.153 -0.077 -0.191 -0.004 -0.167]
 [-0.143 -0.137 -0.099 -0.162 -0.113]
 [-0.099 -0.044 -0.179 -0.171 -0.093]
 [-0.201 -0.092 -0.15  -0.136 -0.16 ]
 [-0.109 -0.1   -0.167 -0.152 -0.175]
 [-0.148 -0.101 -0.064 -0.11  -0.161]
 [-0.11  -0.046 -0.051 -0.035 -0.135]
 [-0.031 -0.139 -0.103 -0.08  -0.086]
 [-0.063 -0.029 -0.062 -0.151 -0.051]
 [-0.074  0.     0.    -0.033  0.   ]
 [ 0.     0.     0.     0.     0.   ]
 [ 0.     0.    -0.023  0.    -0.021]]
Row 17
[[ 0.    -0.028 -0.082 -0.031 -0.043]
 [-0.066 -0.074 -0.132 -0.059 -0.067]
 [-0.078 -0.076 -0.038 -0.092 -0.036]
 [-0.182 -0.055 -0.017 -0.037 -0.015]
 [-0.071 -0.168 -0.133 -0.04  -0.073]
 [-0.079 -0.155 -0.096 -0.056 -0.112]
 [-0.061 -0.009 -0.102 -0.082 -0.039]
 [-0.084 -0.064 -0.15  -0.08  -0.091]
 [-0.12  -0.032 -0.082 -0.132 -0.135]
 [-0.119 -0.054 -0.057 -0.083 -0.084]
 [-0.045 -0.157 -0.135 -0.113 -0.199]
 [-0.134 -0.096 -0.115 -0.047 -0.144]
 [-0.141 -0.232 -0.053 -0.14  -0.119]
 [-0.215 -0.122 -0.08   0.    -0.066]
 [-0.05  -0.123 -0.12  -0.08  -0.062]
 [-0.077 -0.105 -0.025 -0.041 -0.018]
 [ 0.    -0.036  0.    -0.039  0.   ]
 [ 0.     0.     0.     0.     0.   ]
 [ 0.     0.     0.     0.     0.   ]]
Row 18
[[ 0.    -0.044 -0.11  -0.004 -0.028]
 [-0.115 -0.071 -0.091 -0.057 -0.027]
 [-0.134 -0.077 -0.095 -0.01  -0.076]
 [-0.079 -0.012 -0.152 -0.018 -0.09 ]
 [-0.061 -0.13  -0.106 -0.145 -0.079]
 [-0.163 -0.04  -0.062 -0.065 -0.055]
 [-0.11   0.    -0.044  0.    -0.056]
 [-0.02  -0.127  0.    -0.052 -0.033]
 [-0.024 -0.037  0.    -0.062 -0.032]
 [-0.034 -0.1   -0.064 -0.042 -0.019]
 [-0.152 -0.133 -0.059 -0.12  -0.088]
 [-0.129 -0.112 -0.091 -0.116 -0.096]
 [-0.063 -0.095 -0.109 -0.163 -0.061]
 [-0.112 -0.091 -0.052 -0.142 -0.139]
 [-0.124 -0.135 -0.108 -0.019 -0.009]
 [-0.073 -0.11  -0.055 -0.044 -0.072]
 [-0.015 -0.098 -0.078 -0.037 -0.041]
 [-0.077 -0.086 -0.033  0.     0.   ]
 [-0.034  0.     0.     0.     0.   ]]
","[[(47, 0), (46, 0), (46, 0), (46, 0), (45, 0), (26, 3), (27, 2), (46, 1), (27, 3), (46, 1), (27, 3), (8, 3), (7, 0), (8, 2), (27, 1), (26, 0), (45, 1), (45, 1), (45, 1), (45, 1), (44, 0), (44, 0), (63, 1), (63, 1), (63, 1), (62, 0), (43, 3), (42, 0), (61, 1), (42, 3), (42, 3), (42, 3), (43, 2), (24, 3), (23, 0), (24, 2), (43, 1), (62, 1), (61, 0), (62, 2), (43, 3), (42, 0), (42, 0), (41, 0), (42, 2), (41, 0), (60, 1), (41, 3), (22, 3), (21, 0), (22, 2), (3, 3), (3, 3), (4, 2), (23, 1), (22, 0), (21, 0), (21, 0), (21, 0), (20, 0), (39, 1), (38, 0), (57, 1), (57, 0), (57, 0), (58, 2), (58, 2), (57, 0), (57, 0), (58, 2), (39, 3), (20, 3), (21, 2), (22, 2), (22, 2), (22, 2), (41, 1), (22, 3), (21, 0), (2, 3), (1, 0), (1, 3), (2, 2), (1, 0), (0, 0), (19, 1), (0, 3), (1, 2), (1, 2), (1, 3), (1, 3), (0, 0), (0, 0), (0, 0), (0, 3), (0, 3), (1, 2), (1, 3), (20, 1), (1, 3), (1, 3), (2, 2), (1, 0), (2, 2), (2, 2), (21, 1), (22, 2), (22, 2), (22, 2), (21, 0), (21, 0), (22, 2), (21, 0), (2, 3), (3, 2), (2, 0), (21, 1), (22, 2), (22, 2), (22, 2), (41, 1), (42, 2), (42, 2), (41, 0), (22, 3), (21, 0), (22, 2), (22, 2), (41, 1), (40, 0), (21, 3), (22, 2), (21, 0), (40, 1), (59, 1), (78, 1), (79, 2), (80, 2), (99, 1), (100, 2), (100, 2), (100, 2), (81, 3), (80, 0), (81, 2), (100, 1), (100, 1), (81, 3), (80, 0), (80, 0), (99, 1)], [(47, 0), (66, 1), (85, 1), (66, 3), (66, 3), (66, 3), (65, 0), (46, 3), (45, 0), (44, 0), (44, 0), (44, 0), (44, 0), (25, 3), (26, 2), (27, 2), (28, 2), (9, 3), (8, 0), (8, 3), (7, 0), (26, 1), (25, 0), (24, 0), (43, 1), (43, 1), (62, 1), (61, 0), (80, 1), (99, 1), (98, 0), (97, 0), (98, 2), (98, 2), (97, 0), (78, 3), (79, 2), (79, 2), (79, 2), (79, 2), (79, 2), (98, 1), (79, 3), (60, 3), (59, 0), (78, 1), (59, 3), (58, 0), (39, 3), (40, 2), (59, 1), (40, 3), (59, 1), (40, 3), (59, 1), (60, 2), (41, 3), (22, 3), (22, 3), (22, 3), (41, 1), (60, 1), (60, 1), (61, 2), (61, 2), (62, 2), (63, 2), (44, 3), (43, 0), (42, 0), (61, 1), (42, 3), (23, 3), (42, 1), (41, 0), (42, 2), (41, 0), (41, 0), (22, 3), (21, 0), (21, 0), (22, 2), (3, 3), (3, 3), (4, 2), (4, 3), (3, 0), (3, 0), (4, 2), (4, 2), (3, 0), (2, 0), (3, 2), (4, 2), (23, 1), (24, 2), (23, 0), (4, 3), (23, 1), (24, 2), (43, 1), (44, 2), (25, 3), (25, 3), (26, 2), (25, 0), (6, 3), (6, 3), (7, 2), (7, 3), (8, 2), (27, 1), (46, 1), (45, 0), (45, 0), (64, 1), (45, 3), (64, 1), (83, 1), (82, 0), (82, 0), (101, 1), (102, 2), (103, 2), (122, 1), (121, 0), (102, 3), (103, 2), (84, 3), (103, 1), (122, 1), (121, 0), (120, 0), (119, 0), (119, 0), (120, 2), (121, 2), (121, 2), (122, 2), (123, 2), (122, 0), (121, 0), (120, 0), (101, 3), (120, 1), (101, 3), (102, 2), (103, 2), (102, 0), (83, 3), (102, 1)], [(47, 0), (66, 1), (85, 1), (66, 3), (66, 3), (85, 1), (104, 1), (123, 1), (124, 2), (124, 2), (143, 1), (142, 0), (141, 0), (122, 3), (121, 0), (120, 0), (119, 0), (138, 1), (139, 2), (158, 1), (158, 1), (159, 2), (178, 1), (178, 1), (179, 2), (178, 0), (177, 0), (158, 3), (177, 1), (178, 2), (159, 3), (158, 0), (157, 0), (157, 0), (176, 1), (195, 1), (196, 2), (197, 2), (196, 0), (215, 1), (215, 1), (214, 0), (215, 2), (214, 0), (215, 2), (215, 2), (234, 1), (235, 2), (235, 2), (236, 2), (235, 0), (236, 2), (255, 1), (256, 2), (257, 2), (258, 2), (239, 3), (220, 3), (201, 3), (200, 0), (200, 0), (199, 0), (200, 2), (219, 1), (200, 3), (201, 2), (202, 2), (202, 2), (201, 0), (182, 3), (182, 3), (163, 3), (163, 3), (162, 0), (181, 1), (182, 2), (201, 1), (201, 1), (200, 0), (199, 0), (218, 1), (219, 2), (238, 1), (239, 2), (238, 0), (238, 0), (239, 2), (238, 0), (239, 2), (240, 2), (221, 3), (221, 3), (240, 1), (239, 0), (239, 0), (239, 0), (258, 1), (257, 0), (257, 0), (256, 0), (255, 0), (256, 2), (255, 0), (254, 0), (235, 3), (236, 2), (217, 3), (236, 1), (237, 2), (256, 1), (275, 1), (294, 1), (295, 2), (294, 0), (293, 0), (274, 3), (273, 0), (274, 2), (255, 3), (236, 3), (217, 3), (218, 2), (237, 1), (237, 1), (238, 2), (238, 2), (237, 0), (237, 0), (237, 0), (236, 0), (255, 1), (255, 1), (256, 2), (237, 3), (238, 2), (257, 1), (256, 0), (237, 3), (218, 3), (199, 3), (198, 0), (179, 3), (160, 3), (161, 2), (142, 3), (143, 2), (162, 1), (162, 1), (163, 2), (162, 0), (163, 2)], [(47, 0), (66, 1), (85, 1), (85, 1), (85, 1), (104, 1), (103, 0), (122, 1), (122, 1), (122, 1), (121, 0), (120, 0), (121, 2), (120, 0), (139, 1), (140, 2), (159, 1), (160, 2), (160, 2), (160, 2), (141, 3), (160, 1), (141, 3), (142, 2), (142, 2), (141, 0), (122, 3), (122, 3), (122, 3), (121, 0), (120, 0), (119, 0), (119, 0), (138, 1), (119, 3), (138, 1), (137, 0), (138, 2), (138, 2), (119, 3), (119, 3), (100, 3), (100, 3), (101, 2), (82, 3), (82, 3), (82, 3), (101, 1), (120, 1), (139, 1), (139, 1), (140, 2), (159, 1), (159, 1), (159, 1), (160, 2), (179, 1), (198, 1), (197, 0), (196, 0), (177, 3), (158, 3), (158, 3), (159, 2), (160, 2), (179, 1), (198, 1), (197, 0), (196, 0), (195, 0), (194, 0), (193, 0), (193, 0), (193, 0), (174, 3), (175, 2), (156, 3), (157, 2), (157, 2), (138, 3), (119, 3), (118, 0), (117, 0), (118, 2), (99, 3), (80, 3), (81, 2), (100, 1), (101, 2), (101, 2), (120, 1), (120, 1), (119, 0), (118, 0), (99, 3), (98, 0), (97, 0), (97, 0), (78, 3), (59, 3), (60, 2), (41, 3), (40, 0), (40, 0), (39, 0), (20, 3), (1, 3), (1, 3), (20, 1), (39, 1), (39, 1), (58, 1), (58, 1), (57, 0), (58, 2), (57, 0), (58, 2), (57, 0), (58, 2), (57, 0), (58, 2), (39, 3), (40, 2), (21, 3), (40, 1), (40, 1), (21, 3), (40, 1), (59, 1), (60, 2), (79, 1), (79, 1), (79, 1), (98, 1), (79, 3), (79, 3), (79, 3), (79, 3), (79, 3), (80, 2), (80, 2), (80, 2), (99, 1), (118, 1), (118, 1), (119, 2), (120, 2), (119, 0), (120, 2), (121, 2), (102, 3)], [(47, 0), (66, 1), (85, 1), (66, 3), (85, 1), (104, 1), (103, 0), (103, 0), (102, 0), (83, 3), (83, 3), (102, 1), (121, 1), (120, 0), (139, 1), (140, 2), (159, 1), (158, 0), (177, 1), (178, 2), (177, 0), (158, 3), (139, 3), (139, 3), (120, 3), (121, 2), (120, 0), (101, 3), (82, 3), (82, 3), (82, 3), (82, 3), (82, 3), (63, 3), (63, 3), (82, 1), (63, 3), (44, 3), (25, 3), (24, 0), (5, 3), (24, 1), (23, 0), (22, 0), (22, 0), (21, 0), (22, 2), (41, 1), (41, 1), (60, 1), (61, 2), (61, 2), (42, 3), (61, 1), (80, 1), (81, 2), (81, 2), (100, 1), (101, 2), (120, 1), (139, 1), (120, 3), (119, 0), (119, 0), (138, 1), (119, 3), (138, 1), (119, 3), (118, 0), (117, 0), (98, 3), (117, 1), (118, 2), (99, 3), (100, 2), (101, 2), (82, 3), (82, 3), (101, 1), (101, 1), (101, 1), (120, 1), (101, 3), (101, 3), (82, 3), (101, 1), (120, 1), (120, 1), (101, 3), (102, 2), (121, 1), (140, 1), (139, 0), (158, 1), (177, 1), (177, 1), (178, 2), (159, 3), (178, 1), (177, 0), (177, 0), (196, 1), (197, 2), (178, 3), (177, 0), (158, 3), (159, 2), (160, 2), (159, 0), (160, 2), (159, 0), (158, 0), (177, 1), (177, 1), (177, 1), (158, 3), (139, 3), (140, 2), (121, 3), (120, 0), (119, 0), (120, 2), (139, 1), (138, 0), (138, 0), (137, 0), (156, 1), (155, 0), (174, 1), (174, 1), (174, 1), (175, 2), (156, 3), (157, 2), (176, 1), (177, 2), (158, 3), (177, 1), (196, 1), (196, 1), (177, 3), (177, 3), (196, 1), (197, 2), (178, 3), (178, 3), (178, 3), (177, 0), (158, 3), (159, 2), (140, 3)], [(47, 0), (66, 1), (85, 1), (86, 2), (85, 0), (66, 3), (67, 2), (86, 1), (86, 1), (85, 0), (85, 0), (84, 0), (85, 2), (66, 3), (47, 3), (28, 3), (47, 1), (47, 1), (48, 2), (67, 1), (68, 2), (67, 0), (48, 3), (48, 3), (47, 0), (66, 1), (85, 1), (104, 1), (104, 1), (123, 1), (104, 3), (103, 0), (122, 1), (121, 0), (120, 0), (139, 1), (140, 2), (121, 3), (120, 0), (139, 1), (120, 3), (119, 0), (100, 3), (81, 3), (100, 1), (101, 2), (100, 0), (81, 3), (100, 1), (81, 3), (82, 2), (101, 1), (120, 1), (101, 3), (102, 2), (103, 2), (122, 1), (121, 0), (120, 0), (119, 0), (118, 0), (137, 1), (118, 3), (137, 1), (137, 1), (118, 3), (137, 1), (136, 0), (136, 0), (117, 3), (117, 3), (117, 3), (117, 3), (116, 0), (116, 0), (97, 3), (116, 1), (117, 2), (98, 3), (97, 0), (97, 0), (97, 0), (116, 1), (97, 3), (98, 2), (97, 0), (98, 2), (97, 0), (97, 0), (98, 2), (98, 2), (97, 0), (116, 1), (117, 2), (118, 2), (117, 0), (118, 2), (118, 2), (118, 2), (119, 2), (100, 3), (99, 0), (98, 0), (99, 2), (98, 0), (97, 0), (97, 0), (96, 0), (96, 0), (77, 3), (77, 3), (58, 3), (39, 3), (38, 0), (38, 0), (39, 2), (58, 1), (57, 0), (57, 0), (58, 2), (57, 0), (57, 0), (57, 0), (38, 3), (39, 2), (38, 0), (19, 3), (19, 0), (19, 0), (38, 1), (38, 0), (38, 0), (19, 3), (20, 2), (21, 2), (20, 0), (1, 3), (1, 3), (0, 0), (0, 0), (0, 0), (19, 1), (38, 1), (19, 3), (19, 0), (19, 0), (38, 1), (38, 1), (19, 3), (20, 2), (19, 0)], [(47, 0), (66, 1), (85, 1), (104, 1), (123, 1), (124, 2), (125, 2), (126, 2), (145, 1), (164, 1), (165, 2), (184, 1), (203, 1), (222, 1), (222, 1), (223, 2), (242, 1), (241, 0), (240, 0), (240, 0), (259, 1), (259, 1), (259, 1), (240, 3), (239, 0), (238, 0), (239, 2), (220, 3), (239, 1), (240, 2), (241, 2), (260, 1), (279, 1), (278, 0), (279, 2), (279, 2), (298, 1), (299, 2), (280, 3), (281, 2), (300, 1), (301, 2), (320, 1), (319, 0), (300, 3), (281, 3), (300, 1), (299, 0), (298, 0), (297, 0), (296, 0), (296, 0), (315, 1), (296, 3), (296, 3), (315, 1), (316, 2), (317, 2), (317, 2), (318, 2), (318, 2), (299, 3), (300, 2), (299, 0), (300, 2), (319, 1), (320, 2), (321, 2), (340, 1), (359, 1), (358, 0), (358, 0), (358, 0), (358, 1), (358, 1), (358, 1), (339, 3), (338, 0), (337, 0), (336, 0), (355, 1), (336, 3), (336, 3), (336, 3), (337, 2), (318, 3), (299, 3), (318, 1), (299, 3), (298, 0), (279, 3), (298, 1), (317, 1), (318, 2), (299, 3), (300, 2), (319, 1), (319, 1), (319, 1), (319, 1), (320, 2), (301, 3), (320, 1), (339, 1), (320, 3), (339, 1), (339, 1), (358, 1), (358, 1), (357, 0), (338, 3), (339, 2), (338, 0), (319, 3), (338, 1), (338, 1), (338, 1), (338, 1), (357, 1), (356, 0), (356, 0), (355, 0), (354, 0), (355, 2), (355, 1), (336, 3), (317, 3), (317, 3), (298, 3), (279, 3), (298, 1), (317, 1), (316, 0), (335, 1), (335, 1), (316, 3), (315, 0), (314, 0), (315, 2), (316, 2), (317, 2), (298, 3), (279, 3), (280, 2), (280, 2), (281, 2), (262, 3), (262, 3), (281, 1), (281, 1), (262, 3)], [(47, 0), (66, 1), (85, 1), (104, 1), (105, 2), (106, 2), (125, 1), (126, 2), (145, 1), (164, 1), (183, 1), (202, 1), (221, 1), (202, 3), (201, 0), (202, 2), (203, 2), (203, 2), (204, 2), (223, 1), (242, 1), (223, 3), (242, 1), (241, 0), (240, 0), (239, 0), (238, 0), (257, 1), (258, 2), (277, 1), (278, 2), (278, 2), (277, 0), (277, 0), (258, 3), (258, 3), (277, 1), (296, 1), (315, 1), (296, 3), (277, 3), (277, 3), (278, 2), (279, 2), (298, 1), (279, 3), (260, 3), (260, 3), (241, 3), (240, 0), (241, 2), (222, 3), (241, 1), (222, 3), (203, 3), (222, 1), (223, 2), (242, 1), (241, 0), (240, 0), (239, 0), (239, 0), (258, 1), (259, 2), (240, 3), (221, 3), (221, 3), (220, 0), (239, 1), (240, 2), (241, 2), (222, 3), (221, 0), (240, 1), (239, 0), (239, 0), (240, 2), (240, 2), (241, 2), (222, 3), (221, 0), (240, 1), (240, 1), (239, 0), (258, 1), (277, 1), (258, 3), (258, 3), (277, 1), (258, 3), (259, 2), (260, 2), (259, 0), (240, 3), (241, 2), (222, 3), (223, 2), (242, 1), (241, 0), (240, 0), (241, 2), (240, 0), (240, 0), (240, 0), (221, 3), (222, 2), (241, 1), (240, 0), (240, 0), (240, 0), (259, 1), (259, 1), (278, 1), (278, 1), (278, 1), (259, 3), (258, 0), (277, 1), (258, 3), (277, 1), (276, 0), (257, 3), (256, 0), (237, 3), (218, 3), (218, 3), (237, 1), (238, 2), (257, 1), (258, 2), (259, 2), (259, 2), (258, 0), (257, 0), (276, 1), (276, 1), (295, 1), (295, 1), (294, 0), (293, 0), (294, 2), (295, 2), (296, 2), (277, 3), (278, 2), (297, 1), (296, 0), (297, 2), (297, 2), (316, 1), (335, 1)], [(47, 0), (66, 1), (85, 1), (104, 1), (105, 2), (106, 2), (125, 1), (126, 2), (145, 1), (164, 1), (183, 1), (202, 1), (221, 1), (240, 1), (240, 1), (239, 0), (239, 0), (238, 0), (237, 0), (256, 1), (275, 1), (256, 3), (257, 2), (256, 0), (256, 0), (237, 3), (256, 1), (275, 1), (274, 0), (293, 1), (292, 0), (311, 1), (310, 0), (310, 0), (309, 0), (310, 2), (311, 2), (312, 2), (312, 2), (313, 2), (332, 1), (331, 0), (350, 1), (331, 3), (330, 0), (349, 1), (349, 1), (348, 0), (349, 2), (350, 2), (351, 2), (351, 1), (350, 0), (351, 2), (351, 1), (351, 1), (350, 0), (331, 3), (312, 3), (312, 3), (312, 3), (311, 0), (310, 0), (309, 0), (309, 0), (308, 0), (307, 0), (308, 2), (309, 2), (308, 0), (308, 0), (327, 1), (328, 2), (328, 2), (347, 1), (328, 3), (328, 3), (327, 0), (326, 0), (325, 0), (325, 0), (324, 0), (325, 2), (325, 2), (324, 0), (324, 0), (325, 2), (325, 2), (306, 3), (306, 3), (287, 3), (306, 1), (306, 1), (307, 2), (306, 0), (307, 2), (307, 2), (326, 1), (327, 2), (328, 2), (347, 1), (348, 2), (348, 2), (348, 2), (349, 2), (348, 0), (349, 2), (349, 2), (349, 1), (349, 1), (349, 1), (349, 1), (349, 1), (330, 3), (311, 3), (312, 2), (313, 2), (332, 1), (333, 2), (314, 3), (314, 3), (295, 3), (296, 2), (295, 0), (296, 2), (277, 3), (277, 3), (278, 2), (297, 1), (297, 1), (316, 1), (316, 1), (335, 1), (316, 3), (315, 0), (314, 0), (315, 2), (296, 3), (315, 1), (314, 0), (315, 2), (316, 2), (297, 3), (298, 2), (279, 3), (280, 2), (261, 3), (280, 1), (280, 1), (299, 1), (300, 2)], [(47, 0), (66, 1), (85, 1), (104, 1), (105, 2), (106, 2), (125, 1), (126, 2), (145, 1), (164, 1), (183, 1), (202, 1), (221, 1), (240, 1), (241, 2), (241, 2), (242, 2), (243, 2), (242, 0), (241, 0), (260, 1), (260, 1), (259, 0), (240, 3), (221, 3), (220, 0), (221, 2), (220, 0), (219, 0), (219, 0), (200, 3), (181, 3), (180, 0), (180, 0), (180, 0), (181, 2), (182, 2), (163, 3), (182, 1), (182, 1), (181, 0), (181, 0), (200, 1), (199, 0), (180, 3), (161, 3), (161, 3), (142, 3), (141, 0), (160, 1), (160, 1), (141, 3), (142, 2), (141, 0), (142, 2), (141, 0), (140, 0), (121, 3), (120, 0), (139, 1), (140, 2), (159, 1), (158, 0), (177, 1), (177, 1), (196, 1), (215, 1), (234, 1), (234, 1), (253, 1), (252, 0), (252, 0), (252, 0), (233, 3), (214, 3), (215, 2), (216, 2), (215, 0), (196, 3), (197, 2), (197, 2), (197, 2), (178, 3), (177, 0), (177, 0), (158, 3), (157, 0), (176, 1), (175, 0), (175, 0), (176, 2), (175, 0), (175, 0), (176, 2), (195, 1), (196, 2), (215, 1), (234, 1), (235, 2), (236, 2), (217, 3), (236, 1), (255, 1), (255, 1), (254, 0), (235, 3), (234, 0), (234, 0), (235, 2), (236, 2), (255, 1), (254, 0), (235, 3), (234, 0), (235, 2), (234, 0), (215, 3), (216, 2), (215, 0), (196, 3), (197, 2), (216, 1), (235, 1), (234, 0), (235, 2), (236, 2), (255, 1), (236, 3), (236, 3), (236, 3), (255, 1), (274, 1), (275, 2), (256, 3), (237, 3), (218, 3), (199, 3), (180, 3), (161, 3), (142, 3), (123, 3), (104, 3), (85, 3), (66, 3), (47, 3)], [(47, 0), (66, 1), (85, 1), (104, 1), (105, 2), (106, 2), (125, 1), (126, 2), (145, 1), (164, 1), (183, 1), (202, 1), (221, 1), (240, 1), (239, 0), (238, 0), (237, 0), (256, 1), (275, 1), (275, 1), (274, 0), (274, 0), (274, 0), (274, 0), (275, 2), (294, 1), (295, 2), (314, 1), (315, 2), (316, 2), (317, 2), (336, 1), (336, 1), (336, 1), (337, 2), (337, 2), (338, 2), (339, 2), (339, 2), (358, 1), (358, 1), (339, 3), (339, 3), (340, 2), (341, 2), (360, 1), (359, 0), (340, 3), (341, 2), (340, 0), (359, 1), (340, 3), (340, 3), (339, 0), (338, 0), (339, 2), (320, 3), (321, 2), (322, 2), (322, 2), (321, 0), (340, 1), (341, 2), (341, 2), (341, 2), (340, 0), (341, 2), (341, 2), (360, 1), (360, 1), (359, 0), (359, 0), (359, 1), (340, 3), (359, 1), (340, 3), (341, 2), (341, 2), (341, 2), (360, 1), (360, 1), (341, 3), (360, 1), (360, 1), (359, 0), (360, 2), (360, 2), (359, 0), (359, 0), (360, 2), (359, 0), (359, 0), (340, 3), (341, 2), (360, 1), (360, 1), (360, 2), (360, 2), (360, 1), (360, 2), (341, 3), (360, 1), (360, 1), (360, 1), (359, 0), (360, 2), (360, 2), (360, 2), (360, 2), (341, 3), (340, 0), (341, 2), (360, 1), (360, 1), (360, 1), (341, 3), (341, 3), (341, 3), (340, 0), (321, 3), (320, 0), (319, 0), (320, 2), (320, 2), (301, 3), (320, 1), (301, 3), (301, 3), (320, 1), (339, 1), (320, 3), (339, 1), (340, 2), (340, 2), (321, 3), (302, 3), (302, 3), (301, 0), (320, 1), (301, 3), (301, 3), (302, 2), (301, 0), (300, 0), (300, 0), (301, 2), (300, 0), (319, 1), (319, 1), (320, 2), (339, 1)], [(47, 0), (66, 1), (85, 1), (104, 1), (105, 2), (106, 2), (125, 1), (126, 2), (145, 1), (164, 1), (183, 1), (202, 1), (221, 1), (240, 1), (239, 0), (238, 0), (237, 0), (256, 1), (275, 1), (256, 3), (257, 2), (257, 2), (256, 0), (255, 0), (236, 3), (235, 0), (234, 0), (235, 2), (254, 1), (235, 3), (234, 0), (235, 2), (216, 3), (197, 3), (216, 1), (235, 1), (234, 0), (234, 0), (253, 1), (272, 1), (273, 2), (273, 2), (254, 3), (235, 3), (234, 0), (215, 3), (196, 3), (197, 2), (197, 2), (196, 0), (215, 1), (215, 1), (234, 1), (253, 1), (253, 1), (252, 0), (233, 3), (232, 0), (231, 0), (250, 1), (249, 0), (230, 3), (231, 2), (250, 1), (250, 1), (269, 1), (250, 3), (249, 0), (230, 3), (230, 3), (230, 3), (231, 2), (230, 0), (249, 1), (248, 0), (229, 3), (210, 3), (209, 0), (210, 2), (211, 2), (210, 0), (209, 0), (209, 0), (209, 0), (209, 0), (190, 3), (191, 2), (191, 2), (172, 3), (173, 2), (154, 3), (173, 1), (154, 3), (173, 1), (154, 3), (155, 2), (156, 2), (155, 0), (156, 2), (175, 1), (176, 2), (195, 1), (214, 1), (215, 2), (216, 2), (215, 0), (234, 1), (235, 2), (236, 2), (235, 0), (235, 0), (235, 0), (235, 0), (234, 0), (215, 3), (216, 2), (215, 0), (234, 1), (253, 1), (252, 0), (271, 1), (272, 2), (253, 3), (254, 2), (253, 0), (253, 0), (253, 0), (254, 2), (253, 0), (272, 1), (273, 2), (254, 3), (255, 2), (274, 1), (274, 1), (255, 3), (254, 0), (273, 1), (272, 0), (253, 3), (252, 0), (271, 1), (272, 2), (253, 3), (254, 2), (235, 3), (234, 0), (215, 3), (234, 1), (235, 2), (254, 1)], [(47, 0), (66, 1), (85, 1), (104, 1), (105, 2), (106, 2), (125, 1), (126, 2), (145, 1), (164, 1), (183, 1), (202, 1), (221, 1), (240, 1), (239, 0), (238, 0), (237, 0), (256, 1), (275, 1), (274, 0), (255, 3), (236, 3), (235, 0), (235, 0), (216, 3), (215, 0), (196, 3), (215, 1), (234, 1), (235, 2), (254, 1), (255, 2), (254, 0), (235, 3), (234, 0), (233, 0), (214, 3), (214, 3), (215, 2), (196, 3), (196, 3), (215, 1), (215, 1), (215, 1), (234, 1), (253, 1), (253, 1), (272, 1), (271, 0), (270, 0), (270, 0), (289, 1), (308, 1), (307, 0), (326, 1), (326, 1), (326, 1), (327, 2), (308, 3), (309, 2), (328, 1), (347, 1), (348, 2), (349, 2), (349, 2), (350, 2), (351, 2), (350, 0), (349, 0), (350, 2), (349, 0), (350, 2), (349, 0), (350, 2), (351, 2), (352, 2), (333, 3), (333, 3), (332, 0), (351, 1), (332, 3), (351, 1), (350, 0), (349, 0), (348, 0), (329, 3), (330, 2), (331, 2), (350, 1), (349, 0), (350, 2), (350, 1), (351, 2), (350, 0), (350, 0), (351, 2), (350, 0), (351, 2), (351, 1), (352, 2), (333, 3), (333, 3), (314, 3), (314, 3), (315, 2), (334, 1), (353, 1), (353, 1), (353, 1), (353, 1), (353, 1), (334, 3), (353, 1), (354, 2), (355, 2), (355, 1), (354, 0), (354, 0), (355, 2), (356, 2), (356, 2), (356, 2), (355, 0), (354, 0), (355, 2), (354, 0), (355, 2), (354, 0), (354, 0), (353, 0), (353, 0), (334, 3), (335, 2), (316, 3), (317, 2), (316, 0), (335, 1), (316, 3), (315, 0), (334, 1), (335, 2), (335, 2), (335, 2), (335, 2), (316, 3), (317, 2), (298, 3), (298, 3), (298, 3), (298, 3), (317, 1)], [(47, 0), (66, 1), (85, 1), (104, 1), (105, 2), (106, 2), (125, 1), (126, 2), (145, 1), (164, 1), (183, 1), (202, 1), (221, 1), (240, 1), (239, 0), (238, 0), (237, 0), (256, 1), (275, 1), (274, 0), (273, 0), (274, 2), (255, 3), (254, 0), (235, 3), (234, 0), (233, 0), (214, 3), (215, 2), (196, 3), (197, 2), (178, 3), (177, 0), (158, 3), (139, 3), (120, 3), (101, 3), (82, 3), (63, 3), (44, 3), (45, 2), (46, 2), (47, 2)], [(47, 0), (66, 1), (85, 1), (104, 1), (105, 2), (106, 2), (125, 1), (126, 2), (145, 1), (164, 1), (183, 1), (202, 1), (221, 1), (240, 1), (239, 0), (238, 0), (237, 0), (256, 1), (275, 1), (274, 0), (273, 0), (292, 1), (273, 3), (254, 3), (253, 0), (234, 3), (233, 0), (214, 3), (215, 2), (196, 3), (197, 2), (178, 3), (177, 0), (158, 3), (139, 3), (120, 3), (101, 3), (82, 3), (63, 3), (44, 3), (45, 2), (46, 2), (47, 2)], [(47, 0), (66, 1), (85, 1), (104, 1), (105, 2), (106, 2), (125, 1), (126, 2), (145, 1), (164, 1), (183, 1), (202, 1), (221, 1), (240, 1), (239, 0), (238, 0), (237, 0), (256, 1), (275, 1), (274, 0), (273, 0), (292, 1), (273, 3), (254, 3), (253, 0), (234, 3), (233, 0), (214, 3), (215, 2), (196, 3), (197, 2), (178, 3), (177, 0), (158, 3), (139, 3), (120, 3), (101, 3), (82, 3), (63, 3), (44, 3), (45, 2), (46, 2), (47, 2)], [(47, 0), (66, 1), (85, 1), (104, 1), (105, 2), (106, 2), (125, 1), (126, 2), (145, 1), (164, 1), (183, 1), (202, 1), (221, 1), (240, 1), (239, 0), (238, 0), (237, 0), (256, 1), (275, 1), (274, 0), (273, 0), (292, 1), (273, 3), (254, 3), (253, 0), (234, 3), (233, 0), (214, 3), (215, 2), (196, 3), (197, 2), (178, 3), (177, 0), (158, 3), (139, 3), (120, 3), (101, 3), (82, 3), (63, 3), (44, 3), (45, 2), (46, 2), (47, 2)], [(47, 0), (66, 1), (85, 1), (104, 1), (105, 2), (106, 2), (125, 1), (126, 2), (145, 1), (164, 1), (183, 1), (202, 1), (221, 1), (240, 1), (239, 0), (238, 0), (237, 0), (256, 1), (275, 1), (274, 0), (273, 0), (292, 1), (273, 3), (254, 3), (253, 0), (234, 3), (233, 0), (214, 3), (215, 2), (196, 3), (197, 2), (178, 3), (177, 0), (158, 3), (139, 3), (120, 3), (101, 3), (82, 3), (63, 3), (44, 3), (45, 2), (46, 2), (47, 2)], [(47, 0), (66, 1), (85, 1), (104, 1), (105, 2), (106, 2), (125, 1), (126, 2), (145, 1), (164, 1), (183, 1), (202, 1), (221, 1), (240, 1), (239, 0), (238, 0), (237, 0), (256, 1), (275, 1), (274, 0), (273, 0), (292, 1), (273, 3), (254, 3), (253, 0), (234, 3), (233, 0), (214, 3), (215, 2), (196, 3), (197, 2), (178, 3), (177, 0), (158, 3), (139, 3), (120, 3), (101, 3), (82, 3), (63, 3), (44, 3), (45, 2), (46, 2), (47, 2)], [(47, 0), (66, 1), (85, 1), (104, 1), (105, 2), (106, 2), (125, 1), (126, 2), (145, 1), (164, 1), (183, 1), (202, 1), (221, 1), (240, 1), (239, 0), (238, 0), (237, 0), (256, 1), (275, 1), (274, 0), (273, 0), (292, 1), (273, 3), (254, 3), (253, 0), (234, 3), (233, 0), (214, 3), (215, 2), (196, 3), (197, 2), (178, 3), (177, 0), (158, 3), (139, 3), (120, 3), (101, 3), (82, 3), (63, 3), (44, 3), (45, 2), (46, 2), (47, 2)], [(47, 0), (66, 1), (85, 1), (104, 1), (105, 2), (106, 2), (125, 1), (126, 2), (145, 1), (164, 1), (183, 1), (202, 1), (221, 1), (240, 1), (239, 0), (238, 0), (237, 0), (256, 1), (275, 1), (274, 0), (273, 0), (292, 1), (273, 3), (254, 3), (253, 0), (234, 3), (233, 0), (214, 3), (215, 2), (196, 3), (197, 2), (178, 3), (177, 0), (158, 3), (139, 3), (120, 3), (101, 3), (82, 3), (63, 3), (44, 3), (45, 2), (46, 2), (47, 2)], [(47, 0), (66, 1), (85, 1), (104, 1), (105, 2), (106, 2), (125, 1), (126, 2), (145, 1), (164, 1), (183, 1), (202, 1), (221, 1), (240, 1), (239, 0), (238, 0), (237, 0), (256, 1), (275, 1), (274, 0), (273, 0), (292, 1), (273, 3), (254, 3), (253, 0), (234, 3), (233, 0), (214, 3), (215, 2), (196, 3), (197, 2), (178, 3), (177, 0), (158, 3), (139, 3), (120, 3), (101, 3), (82, 3), (63, 3), (44, 3), (45, 2), (46, 2), (47, 2)], [(47, 0), (66, 1), (85, 1), (104, 1), (105, 2), (106, 2), (125, 1), (126, 2), (145, 1), (164, 1), (183, 1), (202, 1), (221, 1), (240, 1), (239, 0), (238, 0), (237, 0), (256, 1), (275, 1), (274, 0), (273, 0), (292, 1), (273, 3), (254, 3), (253, 0), (234, 3), (233, 0), (214, 3), (215, 2), (196, 3), (197, 2), (178, 3), (177, 0), (158, 3), (139, 3), (120, 3), (101, 3), (82, 3), (63, 3), (44, 3), (45, 2), (46, 2), (47, 2)], [(47, 0), (66, 1), (85, 1), (104, 1), (105, 2), (106, 2), (125, 1), (126, 2), (145, 1), (164, 1), (183, 1), (202, 1), (221, 1), (240, 1), (239, 0), (238, 0), (237, 0), (256, 1), (275, 1), (274, 0), (273, 0), (292, 1), (273, 3), (254, 3), (253, 0), (234, 3), (233, 0), (214, 3), (215, 2), (196, 3), (197, 2), (178, 3), (177, 0), (158, 3), (139, 3), (120, 3), (101, 3), (82, 3), (63, 3), (44, 3), (45, 2), (46, 2), (47, 2)], [(47, 0), (66, 1), (85, 1), (104, 1), (105, 2), (106, 2), (125, 1), (126, 2), (145, 1), (164, 1), (183, 1), (202, 1), (221, 1), (240, 1), (239, 0), (238, 0), (237, 0), (256, 1), (275, 1), (274, 0), (273, 0), (292, 1), (273, 3), (254, 3), (253, 0), (234, 3), (233, 0), (214, 3), (215, 2), (196, 3), (197, 2), (178, 3), (177, 0), (158, 3), (139, 3), (120, 3), (101, 3), (82, 3), (63, 3), (44, 3), (45, 2), (46, 2), (47, 2)], [(47, 0), (66, 1), (85, 1), (104, 1), (105, 2), (106, 2), (125, 1), (126, 2), (145, 1), (164, 1), (183, 1), (202, 1), (221, 1), (240, 1), (239, 0), (238, 0), (237, 0), (256, 1), (275, 1), (274, 0), (273, 0), (292, 1), (273, 3), (254, 3), (253, 0), (234, 3), (233, 0), (214, 3), (215, 2), (196, 3), (197, 2), (178, 3), (177, 0), (158, 3), (139, 3), (120, 3), (101, 3), (82, 3), (63, 3), (44, 3), (45, 2), (46, 2), (47, 2)], [(47, 0), (66, 1), (85, 1), (104, 1), (105, 2), (106, 2), (125, 1), (126, 2), (145, 1), (164, 1), (183, 1), (202, 1), (221, 1), (240, 1), (239, 0), (238, 0), (237, 0), (256, 1), (275, 1), (274, 0), (273, 0), (292, 1), (273, 3), (254, 3), (253, 0), (234, 3), (233, 0), (214, 3), (215, 2), (196, 3), (197, 2), (178, 3), (177, 0), (158, 3), (139, 3), (120, 3), (101, 3), (82, 3), (63, 3), (44, 3), (45, 2), (46, 2), (47, 2)], [(47, 0), (66, 1), (85, 1), (104, 1), (105, 2), (106, 2), (125, 1), (126, 2), (145, 1), (164, 1), (183, 1), (202, 1), (221, 1), (240, 1), (239, 0), (238, 0), (237, 0), (256, 1), (275, 1), (274, 0), (273, 0), (292, 1), (273, 3), (254, 3), (253, 0), (234, 3), (233, 0), (214, 3), (215, 2), (196, 3), (197, 2), (178, 3), (177, 0), (158, 3), (139, 3), (120, 3), (101, 3), (82, 3), (63, 3), (44, 3), (45, 2), (46, 2), (47, 2)], [(47, 0), (66, 1), (85, 1), (104, 1), (105, 2), (106, 2), (125, 1), (126, 2), (145, 1), (164, 1), (183, 1), (202, 1), (221, 1), (240, 1), (239, 0), (238, 0), (237, 0), (256, 1), (275, 1), (274, 0), (273, 0), (292, 1), (273, 3), (254, 3), (253, 0), (234, 3), (233, 0), (214, 3), (215, 2), (196, 3), (197, 2), (178, 3), (177, 0), (158, 3), (139, 3), (120, 3), (101, 3), (82, 3), (63, 3), (44, 3), (45, 2), (46, 2), (47, 2)], [(47, 0), (66, 1), (85, 1), (104, 1), (105, 2), (106, 2), (125, 1), (126, 2), (145, 1), (164, 1), (183, 1), (202, 1), (221, 1), (240, 1), (239, 0), (238, 0), (237, 0), (256, 1), (275, 1), (274, 0), (273, 0), (292, 1), (273, 3), (254, 3), (253, 0), (234, 3), (233, 0), (214, 3), (215, 2), (196, 3), (197, 2), (178, 3), (177, 0), (158, 3), (139, 3), (120, 3), (101, 3), (82, 3), (63, 3), (44, 3), (45, 2), (46, 2), (47, 2)], [(47, 0), (66, 1), (85, 1), (104, 1), (105, 2), (106, 2), (125, 1), (126, 2), (145, 1), (164, 1), (183, 1), (202, 1), (221, 1), (240, 1), (239, 0), (238, 0), (237, 0), (256, 1), (275, 1), (274, 0), (273, 0), (292, 1), (273, 3), (254, 3), (253, 0), (234, 3), (233, 0), (214, 3), (215, 2), (196, 3), (197, 2), (178, 3), (177, 0), (158, 3), (139, 3), (120, 3), (101, 3), (82, 3), (63, 3), (44, 3), (45, 2), (46, 2), (47, 2)], [(47, 0), (66, 1), (85, 1), (104, 1), (105, 2), (106, 2), (125, 1), (126, 2), (145, 1), (164, 1), (183, 1), (202, 1), (221, 1), (240, 1), (239, 0), (238, 0), (237, 0), (256, 1), (275, 1), (274, 0), (273, 0), (292, 1), (273, 3), (254, 3), (253, 0), (234, 3), (233, 0), (214, 3), (215, 2), (196, 3), (197, 2), (178, 3), (177, 0), (158, 3), (139, 3), (120, 3), (101, 3), (82, 3), (63, 3), (44, 3), (45, 2), (46, 2), (47, 2)], [(47, 0), (66, 1), (85, 1), (104, 1), (105, 2), (106, 2), (125, 1), (126, 2), (145, 1), (164, 1), (183, 1), (202, 1), (221, 1), (240, 1), (239, 0), (238, 0), (237, 0), (256, 1), (275, 1), (274, 0), (273, 0), (292, 1), (273, 3), (254, 3), (253, 0), (234, 3), (233, 0), (214, 3), (215, 2), (196, 3), (197, 2), (178, 3), (177, 0), (158, 3), (139, 3), (120, 3), (101, 3), (82, 3), (63, 3), (44, 3), (45, 2), (46, 2), (47, 2)], [(47, 0), (66, 1), (85, 1), (104, 1), (105, 2), (106, 2), (125, 1), (126, 2), (145, 1), (164, 1), (183, 1), (202, 1), (221, 1), (240, 1), (239, 0), (238, 0), (237, 0), (256, 1), (275, 1), (274, 0), (273, 0), (292, 1), (273, 3), (254, 3), (253, 0), (234, 3), (233, 0), (214, 3), (215, 2), (196, 3), (197, 2), (178, 3), (177, 0), (158, 3), (139, 3), (120, 3), (101, 3), (82, 3), (63, 3), (44, 3), (45, 2), (46, 2), (47, 2)], [(47, 0), (66, 1), (85, 1), (104, 1), (105, 2), (106, 2), (125, 1), (126, 2), (145, 1), (164, 1), (183, 1), (202, 1), (221, 1), (240, 1), (239, 0), (238, 0), (237, 0), (256, 1), (275, 1), (274, 0), (273, 0), (292, 1), (273, 3), (254, 3), (253, 0), (234, 3), (233, 0), (214, 3), (215, 2), (196, 3), (197, 2), (178, 3), (177, 0), (158, 3), (139, 3), (120, 3), (101, 3), (82, 3), (63, 3), (44, 3), (45, 2), (46, 2), (47, 2)], [(47, 0), (66, 1), (85, 1), (104, 1), (105, 2), (106, 2), (125, 1), (126, 2), (145, 1), (164, 1), (183, 1), (202, 1), (221, 1), (240, 1), (239, 0), (238, 0), (237, 0), (256, 1), (275, 1), (274, 0), (273, 0), (292, 1), (273, 3), (254, 3), (253, 0), (234, 3), (233, 0), (214, 3), (215, 2), (196, 3), (197, 2), (178, 3), (177, 0), (158, 3), (139, 3), (120, 3), (101, 3), (82, 3), (63, 3), (44, 3), (45, 2), (46, 2), (47, 2)], [(47, 0), (66, 1), (85, 1), (104, 1), (105, 2), (106, 2), (125, 1), (126, 2), (145, 1), (164, 1), (183, 1), (202, 1), (221, 1), (240, 1), (239, 0), (238, 0), (237, 0), (256, 1), (275, 1), (274, 0), (273, 0), (292, 1), (273, 3), (254, 3), (253, 0), (234, 3), (233, 0), (214, 3), (215, 2), (196, 3), (197, 2), (178, 3), (177, 0), (158, 3), (139, 3), (120, 3), (101, 3), (82, 3), (63, 3), (44, 3), (45, 2), (46, 2), (47, 2)], [(47, 0), (66, 1), (85, 1), (104, 1), (105, 2), (106, 2), (125, 1), (126, 2), (145, 1), (164, 1), (183, 1), (202, 1), (221, 1), (240, 1), (239, 0), (238, 0), (237, 0), (256, 1), (275, 1), (274, 0), (273, 0), (292, 1), (273, 3), (254, 3), (253, 0), (234, 3), (233, 0), (214, 3), (215, 2), (196, 3), (197, 2), (178, 3), (177, 0), (158, 3), (139, 3), (120, 3), (101, 3), (82, 3), (63, 3), (44, 3), (45, 2), (46, 2), (47, 2)], [(47, 0), (66, 1), (85, 1), (104, 1), (105, 2), (106, 2), (125, 1), (126, 2), (145, 1), (164, 1), (183, 1), (202, 1), (221, 1), (240, 1), (239, 0), (238, 0), (237, 0), (256, 1), (275, 1), (274, 0), (273, 0), (292, 1), (273, 3), (254, 3), (253, 0), (234, 3), (233, 0), (214, 3), (215, 2), (196, 3), (197, 2), (178, 3), (177, 0), (158, 3), (139, 3), (120, 3), (101, 3), (82, 3), (63, 3), (44, 3), (45, 2), (46, 2), (47, 2)], [(47, 0), (66, 1), (85, 1), (104, 1), (105, 2), (106, 2), (125, 1), (126, 2), (145, 1), (164, 1), (183, 1), (202, 1), (221, 1), (240, 1), (239, 0), (238, 0), (237, 0), (256, 1), (275, 1), (274, 0), (273, 0), (292, 1), (273, 3), (254, 3), (253, 0), (234, 3), (233, 0), (214, 3), (215, 2), (196, 3), (197, 2), (178, 3), (177, 0), (158, 3), (139, 3), (120, 3), (101, 3), (82, 3), (63, 3), (44, 3), (45, 2), (46, 2), (47, 2)], [(47, 0), (66, 1), (85, 1), (104, 1), (105, 2), (106, 2), (125, 1), (126, 2), (145, 1), (164, 1), (183, 1), (202, 1), (221, 1), (240, 1), (239, 0), (238, 0), (237, 0), (256, 1), (275, 1), (274, 0), (273, 0), (292, 1), (273, 3), (254, 3), (253, 0), (234, 3), (233, 0), (214, 3), (215, 2), (196, 3), (197, 2), (178, 3), (177, 0), (158, 3), (139, 3), (120, 3), (101, 3), (82, 3), (63, 3), (44, 3), (45, 2), (46, 2), (47, 2)]]",True,9.970360040664673,,,1,6d208_00121,6f72d297a55a426fa6f2e8f18df536de,2022-08-20_17-33-20,1661013200,9.970360040664673,36683,richards-mbp-2.lan,127.0.0.1,9.970360040664673,0,1,1.0148861408233643
