score_softmax,score_softmax_last_05,score_softmax_last_20,score_greedy,performance,pi_optimal__flattened,pi_flattened,observations,done,time_this_iter_s,timesteps_total,episodes_total,training_iteration,trial_id,experiment_id,date,timestamp,time_total_s,pid,hostname,node_ip,time_since_restore,timesteps_since_restore,iterations_since_restore,warmup_time
6.799195000000424,7.794400000000513,7.604800000000504,8.00000000000002,"[-0.4056  0.5822  1.9314  3.2618  4.5934  4.555   5.3036  5.9868  7.6486
  7.783   7.612   7.6788  7.6098  7.645   7.4122  7.6046  7.8092  7.766
  7.6866  7.639   7.6048  7.834   7.8266  7.4536  7.7962  7.8066  7.3888
  7.75    7.73    7.3772  7.812   7.7436  7.8018  7.794   7.8154  7.7944
  7.5974  7.6886  7.795   7.8544]","Greedy policy found:
 s , w , s , s , - , s , s , s , - , s , s , w , s , s , - , e , s , e , e 
 - , s , s , e , e , n , w , s , e , e , s , s , s , - , w , - , - , e , n 
 w , s , e , e , e , s , e , s , s , s , w , w , s , s , n , w , s , w , e 
 w , w , - , s , w , e , s , s , e , s , s , w , s , w , s , n , w , - , s 
 s , w , s , s , e , n , e , e , s , E , s , s , s , w , - , - , w , w , w 
 w , n , s , w , n , - , e , s , s , s , s , s , w , n , n , n , - , e , w 
 n , n , n , s , e , s , s , e , S , w , S , w , w , e , n , e , n , s , s 
 w , e , s , w , e , s , e , e , s , n , s , s , w , s , n , w , e , w , w 
 w , s , s , s , e , e , e , s , s , e , s , w , s , w , e , n , s , s , s 
 w , w , e , e , n , e , n , e , S , w , W , s , w , e , s , e , w , - , s 
 e , w , e , s , n , e , n , s , s , n , n , w , w , s , w , - , s , n , s 
 w , w , w , - , s , n , e , e , s , e , s , s , - , - , e , w , w , w , - 
 n , s , n , n , w , e , n , e , E , e , S , s , w , w , e , w , w , - , - 
 w , w , s , n , e , n , e , e , n , e , s , w , w , w , w , e , w , - , - 
 s , s , e , n , e , e , e , n , n , s , s , n , w , w , n , e , w , e , - 
 s , - , e , s , s , n , e , e , E , s , W , w , w , w , e , e , n , e , n 
 w , w , n , w , - , n , e , e , e , n , n , w , w , w , - , w , n , s , s 
 n , n , w , w , n , w , e , n , n , N , n , n , w , w , s , s , w , - , e 
 w , e , e , - , s , n , n , s , n , n , n , n , - , n , - , s , w , w , n 
","(A,S) Value function =(361, 5)
Row 0
[[-0.011  0.    -0.012 -0.02  -0.025]
 [-0.009 -0.024 -0.015 -0.031 -0.024]
 [-0.008  0.    -0.013 -0.025 -0.009]
 [-0.008  0.    -0.013 -0.009  0.   ]
 [-0.009 -0.022 -0.016 -0.01   0.   ]
 [-0.015 -0.007 -0.019 -0.017 -0.017]
 [-0.019 -0.018 -0.023 -0.048 -0.019]
 [-0.022 -0.009 -0.02  -0.045 -0.048]
 [-0.027 -0.024 -0.04  -0.017 -0.017]
 [-0.029 -0.011 -0.056 -0.058 -0.056]
 [-0.057 -0.044 -0.08  -0.061 -0.052]
 [-0.055 -0.071 -0.067 -0.073 -0.078]
 [-0.067 -0.045 -0.051 -0.077 -0.057]
 [-0.054  0.    -0.034 -0.053 -0.055]
 [-0.018 -0.024 -0.023 -0.027 -0.008]
 [-0.019 -0.034  0.    -0.01  -0.031]
 [-0.008  0.    -0.024 -0.01  -0.013]
 [-0.015 -0.033 -0.009 -0.018 -0.03 ]
 [-0.007 -0.009  0.     0.    -0.019]]
Row 1
[[-0.01  -0.01  -0.022 -0.01  -0.01 ]
 [-0.028  0.    -0.021 -0.036 -0.027]
 [-0.037  0.    -0.006  0.    -0.01 ]
 [-0.008 -0.006  0.     0.     0.   ]
 [-0.007 -0.016  0.    -0.014 -0.012]
 [-0.007 -0.008 -0.007  0.    -0.011]
 [-0.007 -0.014 -0.024 -0.033 -0.032]
 [-0.023 -0.023 -0.029 -0.026 -0.035]
 [-0.032 -0.021 -0.005 -0.029 -0.041]
 [-0.025 -0.012  0.017 -0.044  0.003]
 [-0.049  0.186 -0.075 -0.079 -0.069]
 [-0.055 -0.049 -0.085 -0.07  -0.06 ]
 [-0.055 -0.039 -0.05  -0.062 -0.058]
 [-0.026 -0.037 -0.037 -0.017 -0.011]
 [-0.016 -0.053 -0.028 -0.018 -0.053]
 [-0.032 -0.025 -0.024 -0.022 -0.017]
 [-0.018 -0.021 -0.02  -0.018 -0.009]
 [-0.029 -0.043 -0.022 -0.027 -0.061]
 [-0.028 -0.013 -0.021 -0.008 -0.03 ]]
Row 2
[[ 0.     0.    -0.007 -0.017 -0.009]
 [-0.012  0.    -0.028  0.     0.   ]
 [-0.028 -0.014 -0.008 -0.017 -0.025]
 [-0.019 -0.015  0.     0.     0.   ]
 [-0.013 -0.025  0.    -0.007 -0.013]
 [-0.013 -0.007 -0.009 -0.008 -0.008]
 [-0.014 -0.008 -0.008 -0.026 -0.036]
 [-0.036  0.009 -0.015 -0.037 -0.042]
 [-0.034 -0.014 -0.015 -0.018 -0.024]
 [-0.05   1.864 -0.042 -0.057  0.3  ]
 [ 0.363 -0.027 -0.034  0.017  0.033]
 [-0.012 -0.012 -0.051 -0.046 -0.03 ]
 [-0.038 -0.038 -0.07  -0.045 -0.057]
 [-0.067 -0.048 -0.063 -0.048 -0.063]
 [-0.047 -0.045 -0.032 -0.017 -0.032]
 [ 0.    -0.007 -0.027 -0.025 -0.009]
 [-0.008 -0.007 -0.04  -0.021 -0.039]
 [-0.011 -0.031 -0.019 -0.041 -0.017]
 [-0.006 -0.01   0.    -0.026 -0.026]]
Row 3
[[ 0.    -0.007  0.     0.     0.   ]
 [ 0.     0.    -0.007 -0.007 -0.008]
 [-0.006 -0.014 -0.01  -0.017  0.   ]
 [-0.021 -0.007 -0.016 -0.008 -0.038]
 [-0.013 -0.02  -0.015 -0.018 -0.017]
 [-0.008 -0.013  0.005 -0.016  0.   ]
 [-0.008  0.044 -0.007 -0.007 -0.009]
 [ 0.002  0.085 -0.023 -0.015  0.052]
 [-0.029 -0.008 -0.006 -0.022 -0.018]
 [-0.027  1.913  0.024  0.076  0.063]
 [-0.027  0.105  0.032  0.032 -0.022]
 [ 0.032  0.012 -0.036 -0.031  0.003]
 [-0.013 -0.012 -0.034 -0.033 -0.025]
 [-0.007 -0.021 -0.034 -0.066 -0.04 ]
 [-0.037 -0.02  -0.027 -0.029 -0.047]
 [-0.019 -0.014 -0.015  0.     0.   ]
 [-0.008 -0.022 -0.008 -0.023 -0.009]
 [-0.033 -0.02  -0.018 -0.016 -0.009]
 [-0.026 -0.007 -0.012 -0.011 -0.01 ]]
Row 4
[[-0.012  0.     0.    -0.007 -0.008]
 [ 0.    -0.007  0.    -0.008 -0.011]
 [-0.015 -0.007 -0.015 -0.008 -0.01 ]
 [-0.019  0.     0.    -0.016 -0.009]
 [-0.007 -0.019  0.    -0.013 -0.017]
 [-0.021 -0.02  -0.016 -0.006 -0.008]
 [-0.028 -0.008  0.049 -0.007 -0.017]
 [-0.011  0.057  0.216  0.007 -0.014]
 [ 0.035  0.268  0.008 -0.025  0.033]
 [ 0.021  0.073  1.325  0.066 -0.028]
 [ 0.265  1.578 -0.004  0.031  0.205]
 [ 0.063  0.077 -0.008 -0.025 -0.007]
 [-0.011 -0.008 -0.016 -0.012 -0.026]
 [-0.004 -0.009 -0.02  -0.018 -0.036]
 [-0.021 -0.029 -0.007 -0.015  0.   ]
 [-0.014 -0.008 -0.011 -0.007  0.   ]
 [-0.007 -0.034 -0.008 -0.009 -0.033]
 [ 0.     0.    -0.014 -0.014 -0.009]
 [ 0.    -0.016  0.    -0.013 -0.021]]
Row 5
[[ 0.    -0.01  -0.016 -0.008  0.   ]
 [-0.031 -0.007 -0.008  0.     0.   ]
 [-0.007  0.     0.    -0.009  0.   ]
 [ 0.    -0.008 -0.018 -0.008 -0.009]
 [-0.022 -0.011 -0.018  0.    -0.023]
 [-0.016 -0.039 -0.022 -0.022 -0.009]
 [-0.013 -0.025  0.027 -0.013  0.014]
 [-0.007  0.507  0.04  -0.006  0.025]
 [ 0.182  0.408  0.268  0.044  0.164]
 [ 0.222  0.283  0.03  -0.008  0.078]
 [ 0.003  1.658  0.03   0.039  0.252]
 [ 0.049  0.095 -0.038  0.045 -0.016]
 [-0.021 -0.022 -0.038 -0.025 -0.047]
 [-0.038 -0.039 -0.038  0.    -0.009]
 [-0.029 -0.024 -0.019 -0.015 -0.026]
 [-0.022 -0.023 -0.015 -0.011 -0.018]
 [-0.021 -0.021 -0.017 -0.028  0.   ]
 [-0.024 -0.017  0.     0.    -0.031]
 [-0.007 -0.016 -0.01  -0.009 -0.008]]
Row 6
[[-0.04  -0.015 -0.013 -0.007 -0.027]
 [-0.031 -0.008 -0.016 -0.007 -0.021]
 [-0.025 -0.009 -0.006  0.     0.   ]
 [-0.015 -0.006 -0.007 -0.014 -0.008]
 [-0.013 -0.013  0.     0.    -0.004]
 [-0.006 -0.006 -0.009 -0.035 -0.008]
 [-0.025 -0.008 -0.013 -0.015 -0.017]
 [-0.022  0.024  0.448  0.084  0.047]
 [-0.028  0.352  0.06   0.076 -0.009]
 [ 0.669  0.058  0.252  0.087  0.249]
 [ 0.401  1.25  -0.047 -0.009 -0.051]
 [ 0.059 -0.012 -0.037  0.024 -0.033]
 [-0.021 -0.023 -0.024 -0.033 -0.038]
 [-0.008 -0.063 -0.006 -0.031 -0.031]
 [-0.007 -0.023 -0.014 -0.007 -0.047]
 [-0.016 -0.042 -0.007 -0.02  -0.018]
 [-0.021 -0.007 -0.028 -0.007 -0.025]
 [-0.031 -0.007 -0.008 -0.025 -0.018]
 [-0.008  0.    -0.01  -0.016 -0.02 ]]
Row 7
[[ 0.    -0.013 -0.002 -0.007 -0.007]
 [-0.007 -0.016  0.    -0.016 -0.04 ]
 [-0.023  0.    -0.013 -0.01  -0.01 ]
 [-0.008 -0.023 -0.019 -0.014 -0.015]
 [-0.029 -0.011 -0.005 -0.006 -0.018]
 [-0.011 -0.006 -0.006 -0.007 -0.011]
 [-0.025  0.     0.068 -0.004  0.043]
 [ 0.027  0.003  0.101  0.027  0.002]
 [ 0.002  1.366  0.009  0.007  0.212]
 [ 0.008  0.028 -0.014  0.105  0.095]
 [ 0.023  1.523 -0.016  0.145 -0.01 ]
 [-0.009  0.084 -0.038 -0.012  0.025]
 [-0.018 -0.02  -0.034 -0.032 -0.034]
 [-0.031 -0.026 -0.037 -0.057 -0.058]
 [-0.032 -0.027 -0.029 -0.011 -0.032]
 [-0.008 -0.034 -0.014 -0.028 -0.028]
 [-0.013 -0.014 -0.007 -0.007 -0.008]
 [ 0.     0.     0.    -0.014  0.   ]
 [ 0.    -0.005  0.     0.    -0.007]]
Row 8
[[ 0.    -0.031 -0.011  0.    -0.009]
 [-0.02   0.    -0.018 -0.015 -0.024]
 [-0.014 -0.007 -0.016 -0.029 -0.017]
 [-0.015  0.    -0.008 -0.015 -0.018]
 [-0.007 -0.007  0.041 -0.006 -0.008]
 [-0.007 -0.012  0.091  0.     0.005]
 [-0.002  0.     0.266 -0.018 -0.008]
 [-0.021  0.378  0.01   0.     0.032]
 [-0.012  0.906  0.062  0.898  0.043]
 [ 0.174 -0.019  0.266 -0.013  0.044]
 [ 0.051  1.695 -0.027  0.385  0.009]
 [ 0.1   -0.044 -0.043  0.022 -0.024]
 [-0.043  0.051 -0.012 -0.027 -0.015]
 [ 0.023 -0.021 -0.018 -0.032 -0.033]
 [-0.01  -0.022  0.003 -0.043 -0.042]
 [-0.017 -0.018 -0.019 -0.008 -0.017]
 [-0.012  0.    -0.013 -0.019 -0.017]
 [-0.008  0.    -0.007  0.     0.   ]
 [-0.002  0.     0.    -0.007 -0.005]]
Row 9
[[ 0.000e+00 -1.700e-02 -9.000e-03 -9.000e-03 -1.600e-02]
 [ 0.000e+00 -1.400e-02 -2.600e-02 -2.100e-02 -1.000e-02]
 [-2.100e-02 -2.700e-02 -8.000e-03 -2.300e-02 -3.100e-02]
 [-2.200e-02 -1.600e-02  0.000e+00  0.000e+00 -2.300e-02]
 [-8.000e-03 -7.000e-03 -1.100e-02  3.100e-02  0.000e+00]
 [-1.500e-02 -9.000e-03  1.900e-02 -3.000e-03  0.000e+00]
 [ 7.000e-03  2.300e-02  6.200e-02  1.000e-01  0.000e+00]
 [-8.000e-03  2.100e-02  4.600e-01  9.500e-02  0.000e+00]
 [-7.000e-03  1.513e+00  4.800e-02  6.390e-01  8.500e-02]
 [ 1.446e+00  1.040e-01  1.770e-01  5.000e-02  2.090e-01]
 [ 1.303e+00 -2.000e-02 -7.000e-03  1.330e-01  1.720e-01]
 [ 1.160e-01  1.320e-01 -2.200e-02 -2.000e-02  1.000e-03]
 [ 8.900e-02 -1.500e-02 -1.900e-02 -2.700e-02  0.000e+00]
 [-1.000e-02 -3.200e-02  0.000e+00 -2.500e-02 -2.800e-02]
 [-1.400e-02  0.000e+00 -2.800e-02 -1.200e-02 -2.700e-02]
 [-1.600e-02 -2.400e-02 -6.000e-03 -2.300e-02 -1.700e-02]
 [ 0.000e+00 -5.000e-03 -1.100e-02 -7.000e-03 -8.000e-03]
 [-5.000e-03 -8.000e-03 -7.000e-03 -3.000e-03  0.000e+00]
 [-7.000e-03  0.000e+00  0.000e+00  0.000e+00  0.000e+00]]
Row 10
[[-1.70e-02 -1.50e-02  0.00e+00 -1.20e-02 -2.50e-02]
 [-3.00e-03 -6.00e-03 -1.00e-02 -2.80e-02 -1.20e-02]
 [-3.20e-02 -7.00e-03 -6.00e-03 -2.30e-02 -8.00e-03]
 [-1.40e-02  0.00e+00 -7.00e-03 -2.40e-02 -1.10e-02]
 [-1.20e-02 -1.80e-02  7.00e-03  1.20e-02 -1.30e-02]
 [ 1.50e-02 -2.10e-02  7.10e-02  0.00e+00 -9.00e-03]
 [ 3.20e-02  0.00e+00 -3.00e-03  1.17e-01 -6.00e-03]
 [ 1.00e-02  1.70e-02 -1.70e-02 -9.00e-03 -2.80e-02]
 [-1.60e-02  1.14e+00  1.20e-02  2.10e-02 -9.00e-03]
 [-8.00e-03 -1.00e-02 -4.00e-03  2.83e-01  1.55e-01]
 [ 2.00e-03  1.80e-01  1.20e-02  1.96e-01 -3.20e-02]
 [ 1.61e-01 -1.40e-02 -2.00e-02  6.20e-02 -1.00e-03]
 [-6.00e-03 -1.90e-02 -2.40e-02 -1.30e-02 -2.40e-02]
 [-1.00e-02  0.00e+00 -2.30e-02 -2.30e-02 -9.00e-03]
 [ 0.00e+00 -2.70e-02 -4.00e-03 -2.00e-02 -1.00e-02]
 [-5.00e-03 -4.00e-03 -7.00e-03 -1.50e-02  0.00e+00]
 [-5.00e-03  0.00e+00 -7.00e-03 -1.40e-02  0.00e+00]
 [-6.00e-03 -6.00e-03 -6.00e-03 -5.00e-03 -1.80e-02]
 [-6.00e-03  0.00e+00  0.00e+00  0.00e+00  0.00e+00]]
Row 11
[[ 0.    -0.007  0.    -0.009 -0.01 ]
 [ 0.    -0.019 -0.006 -0.007 -0.009]
 [ 0.     0.    -0.012 -0.024  0.   ]
 [-0.017 -0.013 -0.012 -0.007  0.   ]
 [-0.039 -0.024 -0.025 -0.027 -0.045]
 [-0.027 -0.022 -0.019 -0.012 -0.037]
 [-0.021 -0.007  0.    -0.013  0.   ]
 [-0.016 -0.019  0.033 -0.006 -0.006]
 [-0.012  1.574  0.196  0.013  0.   ]
 [-0.01   0.224  0.266  0.     0.063]
 [ 0.009  0.497 -0.015  0.158 -0.017]
 [-0.009  0.05  -0.014 -0.025 -0.018]
 [-0.015 -0.007 -0.007 -0.023  0.   ]
 [-0.006 -0.004 -0.014 -0.004  0.   ]
 [-0.009 -0.014 -0.007 -0.025 -0.007]
 [ 0.    -0.007  0.    -0.006 -0.011]
 [ 0.     0.     0.    -0.007  0.   ]
 [ 0.     0.     0.    -0.005  0.   ]
 [ 0.     0.     0.     0.     0.   ]]
Row 12
[[-0.02  -0.013 -0.027  0.    -0.009]
 [-0.02  -0.017 -0.026 -0.028 -0.026]
 [-0.029 -0.016 -0.008 -0.006 -0.032]
 [-0.016 -0.007 -0.02   0.    -0.009]
 [-0.015 -0.024 -0.024 -0.069 -0.024]
 [-0.034 -0.029 -0.024 -0.027 -0.036]
 [-0.05  -0.033 -0.005 -0.002 -0.029]
 [-0.022 -0.018  0.079 -0.039 -0.016]
 [-0.026  0.007  0.741  0.578  0.194]
 [ 0.207  0.001  0.737  0.209 -0.013]
 [ 0.211  0.914  0.028  0.156  0.43 ]
 [ 0.087  0.102 -0.006  0.028  0.   ]
 [ 0.    -0.015 -0.006 -0.011  0.   ]
 [ 0.    -0.023 -0.008 -0.013 -0.014]
 [-0.008 -0.016  0.    -0.013  0.   ]
 [ 0.    -0.008 -0.007 -0.007  0.   ]
 [ 0.     0.     0.    -0.007  0.   ]
 [ 0.     0.     0.     0.     0.   ]
 [ 0.     0.     0.     0.     0.   ]]
Row 13
[[ 0.    -0.032  0.    -0.018  0.   ]
 [-0.009 -0.028 -0.014 -0.014 -0.037]
 [-0.026 -0.007 -0.014 -0.02  -0.028]
 [-0.008 -0.013 -0.022  0.    -0.02 ]
 [-0.017 -0.03  -0.01  -0.055 -0.02 ]
 [-0.039 -0.036 -0.04  -0.032 -0.04 ]
 [-0.043 -0.032 -0.027 -0.052 -0.045]
 [-0.048  0.011  0.313  0.022  0.06 ]
 [ 0.116  0.143  0.136  0.374  0.122]
 [ 0.028 -0.012  0.189  0.092  0.054]
 [ 0.015  0.767  0.068  0.479  0.184]
 [ 0.379  0.128 -0.03   0.048  0.114]
 [ 0.024 -0.019 -0.022 -0.018 -0.043]
 [ 0.025 -0.015 -0.033 -0.031 -0.002]
 [-0.007 -0.022 -0.026 -0.014 -0.027]
 [-0.015 -0.031 -0.007 -0.012 -0.038]
 [ 0.    -0.007  0.     0.     0.   ]
 [ 0.     0.     0.     0.     0.   ]
 [ 0.     0.     0.     0.     0.   ]]
Row 14
[[-0.036 -0.017 -0.03  -0.023 -0.049]
 [-0.027 -0.016 -0.021 -0.021 -0.025]
 [-0.022 -0.025 -0.007 -0.026 -0.018]
 [-0.018 -0.013 -0.029 -0.007 -0.017]
 [-0.026 -0.036 -0.013 -0.033 -0.033]
 [-0.021 -0.043  0.047 -0.052 -0.04 ]
 [-0.055 -0.027  0.164 -0.043 -0.048]
 [ 0.05   0.07   0.003  0.31  -0.011]
 [-0.007  0.137  0.101  0.438  0.139]
 [ 0.166  0.271  0.179  0.064  0.225]
 [ 0.088  0.546  0.136  0.425  0.285]
 [ 0.126 -0.008 -0.018  0.386  0.014]
 [ 0.038  0.037 -0.042 -0.034 -0.048]
 [-0.015 -0.028 -0.033 -0.021 -0.048]
 [-0.022 -0.035 -0.043 -0.019 -0.023]
 [-0.015 -0.028 -0.013 -0.041 -0.036]
 [ 0.    -0.024 -0.009 -0.002 -0.01 ]
 [-0.007 -0.013  0.     0.    -0.022]
 [ 0.     0.     0.     0.     0.   ]]
Row 15
[[-0.019 -0.003 -0.016 -0.021 -0.021]
 [-0.034 -0.013 -0.007 -0.007  0.   ]
 [-0.017 -0.014 -0.014 -0.028 -0.019]
 [-0.044 -0.015 -0.017 -0.028 -0.036]
 [-0.045 -0.01  -0.033 -0.033 -0.035]
 [-0.064 -0.053 -0.049 -0.017 -0.048]
 [-0.067 -0.08   0.063 -0.073 -0.052]
 [-0.054  0.061  0.202  0.2    0.051]
 [ 0.037  0.157  0.331  0.243  0.161]
 [ 0.544  0.604  0.145  0.261  0.369]
 [ 0.581  0.419  0.193  0.196  0.326]
 [ 0.398 -0.043 -0.025  0.141  0.079]
 [ 0.108  0.003 -0.021 -0.022 -0.002]
 [ 0.014 -0.03  -0.043 -0.044 -0.036]
 [-0.038 -0.028 -0.028 -0.052 -0.04 ]
 [-0.026 -0.051 -0.006 -0.025 -0.015]
 [-0.028 -0.024 -0.012 -0.006 -0.009]
 [-0.025 -0.016  0.    -0.013 -0.02 ]
 [-0.016 -0.007 -0.01   0.     0.   ]]
Row 16
[[ 0.    -0.002  0.     0.     0.   ]
 [ 0.     0.    -0.019 -0.011  0.   ]
 [-0.019 -0.018 -0.008 -0.008 -0.008]
 [-0.007 -0.028 -0.016 -0.036 -0.018]
 [-0.033 -0.03  -0.025 -0.014 -0.011]
 [-0.058 -0.075 -0.055 -0.05  -0.062]
 [-0.089 -0.087 -0.037 -0.049 -0.082]
 [-0.073 -0.037  0.126  0.121  0.01 ]
 [ 0.09   0.13   0.306  0.158  0.143]
 [ 0.259  0.357  0.208  0.59   0.22 ]
 [ 0.397  0.108 -0.043  0.407  0.126]
 [ 0.153 -0.049 -0.047  0.017  0.008]
 [ 0.026 -0.043 -0.042 -0.025 -0.025]
 [-0.024 -0.039 -0.042 -0.041 -0.045]
 [-0.031 -0.024 -0.029 -0.047 -0.02 ]
 [-0.022 -0.037 -0.048 -0.035 -0.048]
 [-0.028 -0.04  -0.031 -0.012 -0.058]
 [-0.022 -0.018 -0.018 -0.019 -0.027]
 [-0.008 -0.008 -0.016 -0.021 -0.021]]
Row 17
[[-0.007 -0.006 -0.012  0.    -0.013]
 [-0.005 -0.017 -0.007  0.    -0.022]
 [-0.013 -0.033 -0.016 -0.015 -0.023]
 [-0.015 -0.054 -0.049 -0.026 -0.061]
 [-0.069 -0.042 -0.05  -0.027 -0.072]
 [-0.052 -0.059 -0.061 -0.069 -0.055]
 [-0.077 -0.08  -0.058 -0.074 -0.074]
 [-0.079 -0.069 -0.042 -0.007 -0.056]
 [-0.057 -0.034  0.013  0.074 -0.038]
 [-0.039 -0.121 -0.028  0.099 -0.043]
 [ 0.027 -0.099 -0.009  0.115 -0.032]
 [-0.016 -0.09  -0.068  0.119 -0.015]
 [ 0.01  -0.069 -0.046 -0.034 -0.028]
 [-0.011 -0.055 -0.035 -0.048 -0.038]
 [-0.016 -0.011 -0.034 -0.04  -0.038]
 [-0.027 -0.008 -0.012 -0.049 -0.015]
 [-0.005 -0.016 -0.031 -0.029 -0.015]
 [-0.007 -0.028 -0.032 -0.015  0.   ]
 [-0.012 -0.014  0.    -0.015 -0.009]]
Row 18
[[ 0.    -0.016  0.    -0.02  -0.01 ]
 [-0.022 -0.01   0.    -0.008 -0.009]
 [-0.017 -0.033 -0.016 -0.026 -0.032]
 [-0.033 -0.045 -0.038 -0.041 -0.024]
 [-0.053 -0.028 -0.041 -0.057 -0.047]
 [-0.062 -0.042 -0.066 -0.036 -0.065]
 [-0.068 -0.103 -0.07  -0.054 -0.093]
 [-0.077 -0.033 -0.036 -0.059 -0.079]
 [-0.084 -0.043 -0.027 -0.004 -0.065]
 [-0.059 -0.091 -0.082  0.005 -0.062]
 [-0.058 -0.083 -0.073 -0.049 -0.058]
 [-0.061 -0.062 -0.079  0.015 -0.082]
 [-0.051 -0.097 -0.064 -0.046 -0.042]
 [-0.042 -0.069 -0.042 -0.041 -0.05 ]
 [-0.016 -0.025 -0.027 -0.03  -0.011]
 [-0.013  0.     0.    -0.023  0.   ]
 [ 0.     0.    -0.009 -0.015  0.   ]
 [-0.006 -0.041 -0.018 -0.017 -0.047]
 [-0.024 -0.013 -0.007  0.    -0.014]]
","[[(47, 0), (47, 0), (48, 2), (49, 2), (68, 1), (69, 2), (50, 3), (69, 1), (68, 0), (87, 1), (106, 1), (107, 2), (126, 1), (107, 3), (88, 3), (87, 0), (88, 2), (69, 3), (69, 3), (69, 3), (50, 3), (49, 0), (50, 2), (31, 3), (50, 1), (50, 1), (49, 0), (30, 3), (30, 3), (49, 1), (48, 0), (47, 0), (28, 3), (9, 3), (28, 1), (28, 1), (47, 1), (46, 0), (65, 1), (64, 0), (45, 3), (46, 2), (27, 3), (46, 1), (65, 1), (66, 2), (66, 2), (67, 2), (48, 3), (48, 3), (47, 0), (48, 2), (48, 2), (67, 1), (66, 0), (67, 2), (86, 1), (67, 3), (48, 3), (47, 0), (47, 0), (28, 3), (29, 2), (28, 0), (9, 3), (9, 3), (10, 2), (10, 3), (11, 2), (11, 3), (12, 2), (12, 3), (11, 0), (11, 0), (11, 0), (11, 3), (30, 1), (11, 3), (11, 3), (12, 2), (31, 1), (31, 1), (30, 0), (29, 0), (48, 1), (48, 1), (48, 1), (48, 1), (67, 1), (66, 0), (85, 1), (86, 2), (86, 2), (87, 2), (86, 0), (86, 0), (87, 2), (106, 1), (125, 1), (144, 1), (163, 1)], [(47, 0), (66, 1), (85, 1), (84, 0), (83, 0), (83, 0), (82, 0), (81, 0), (62, 3), (43, 3), (44, 2), (25, 3), (25, 3), (6, 3), (6, 3), (7, 2), (7, 3), (26, 1), (26, 1), (26, 1), (7, 3), (7, 3), (26, 1), (45, 1), (64, 1), (65, 2), (66, 2), (47, 3), (28, 3), (47, 1), (66, 1), (47, 3), (28, 3), (9, 3), (8, 0), (7, 0), (8, 2), (8, 2), (8, 3), (8, 3), (27, 1), (28, 2), (29, 2), (48, 1), (49, 2), (49, 2), (50, 2), (49, 0), (49, 0), (49, 0), (30, 3), (29, 0), (10, 3), (9, 0), (10, 2), (29, 1), (29, 1), (29, 1), (29, 1), (29, 1), (30, 2), (11, 3), (10, 0), (10, 0), (11, 2), (10, 0), (29, 1), (29, 1), (10, 3), (29, 1), (28, 0), (29, 2), (30, 2), (30, 2), (49, 1), (50, 2), (51, 2), (50, 0), (31, 3), (30, 0), (49, 1), (30, 3), (29, 0), (28, 0), (27, 0), (28, 2), (27, 0), (26, 0), (7, 3), (7, 3), (26, 1), (26, 1), (25, 0), (26, 2), (45, 1), (26, 3), (45, 1), (46, 2), (46, 2), (47, 2), (66, 1)], [(47, 0), (46, 0), (47, 2), (47, 2), (46, 0), (46, 0), (47, 2), (48, 2), (29, 3), (10, 3), (10, 3), (10, 3), (10, 3), (10, 3), (10, 3), (10, 3), (9, 0), (9, 3), (28, 1), (27, 0), (26, 0), (27, 2), (26, 0), (25, 0), (44, 1), (44, 1), (45, 2), (64, 1), (83, 1), (84, 2), (103, 1), (104, 2), (103, 0), (104, 2), (104, 2), (123, 1), (123, 1), (123, 1), (122, 0), (123, 2), (124, 2), (105, 3), (124, 1), (124, 1), (125, 2), (124, 0), (123, 0), (104, 3), (85, 3), (86, 2), (67, 3), (68, 2), (87, 1), (88, 2), (88, 2), (87, 0), (86, 0), (85, 0), (86, 2), (105, 1), (124, 1), (125, 2), (106, 3), (106, 3), (87, 3), (86, 0), (85, 0), (84, 0), (83, 0), (102, 1), (101, 0), (120, 1), (101, 3), (102, 2), (83, 3), (82, 0), (63, 3), (82, 1), (101, 1), (82, 3), (82, 3), (81, 0), (80, 0), (81, 2), (100, 1), (119, 1), (120, 2), (139, 1), (139, 1), (158, 1), (139, 3), (120, 3), (120, 3), (119, 0), (118, 0), (137, 1), (137, 1), (156, 1), (156, 1), (156, 1), (155, 0)], [(47, 0), (66, 1), (85, 1), (104, 1), (105, 2), (86, 3), (87, 2), (88, 2), (69, 3), (70, 2), (51, 3), (70, 1), (70, 1), (69, 0), (69, 0), (68, 0), (69, 2), (88, 1), (89, 2), (90, 2), (109, 1), (108, 0), (109, 2), (128, 1), (129, 2), (148, 1), (149, 2), (150, 2), (151, 2), (132, 3), (132, 2), (132, 2), (132, 2), (132, 2), (113, 3), (113, 2), (113, 2), (132, 1), (132, 2), (132, 2), (131, 0), (131, 0), (131, 0), (131, 0), (130, 0), (130, 0), (149, 1), (130, 3), (111, 3), (92, 3), (111, 1), (111, 1), (130, 1), (129, 0), (128, 0), (127, 0), (127, 0), (126, 0), (125, 0), (124, 0), (124, 0), (123, 0), (122, 0), (123, 2), (124, 2), (143, 1), (162, 1), (181, 1), (200, 1), (219, 1), (218, 0), (218, 0), (237, 1), (238, 2), (239, 2), (238, 0), (257, 1), (276, 1), (295, 1), (295, 1), (295, 1), (295, 1), (296, 2), (297, 2), (298, 2), (297, 0), (298, 2), (297, 0), (316, 1), (335, 1), (336, 2), (335, 0), (336, 2), (355, 1), (336, 3), (336, 3), (337, 2), (337, 2), (318, 3), (319, 2), (320, 2)], [(47, 0), (66, 1), (85, 1), (104, 1), (103, 0), (122, 1), (141, 1), (160, 1), (179, 1), (179, 1), (198, 1), (217, 1), (236, 1), (237, 2), (238, 2), (237, 0), (237, 0), (238, 2), (219, 3), (238, 1), (239, 2), (240, 2), (240, 2), (259, 1), (258, 0), (257, 0), (258, 2), (257, 0), (238, 3), (219, 3), (219, 3), (218, 0), (218, 0), (218, 0), (199, 3), (218, 1), (237, 1), (238, 2), (237, 0), (236, 0), (217, 3), (236, 1), (237, 2), (238, 2), (219, 3), (218, 0), (199, 3), (198, 0), (199, 2), (198, 0), (199, 2), (198, 0), (217, 1), (236, 1), (237, 2), (238, 2), (219, 3), (219, 3), (238, 1), (257, 1), (276, 1), (295, 1), (295, 1), (276, 3), (275, 0), (274, 0), (255, 3), (256, 2), (256, 2), (237, 3), (218, 3), (219, 2), (238, 1), (219, 3), (200, 3), (201, 2), (202, 2), (183, 3), (202, 1), (203, 2), (204, 2), (205, 2), (206, 2), (205, 0), (224, 1), (223, 0), (223, 0), (204, 3), (223, 1), (242, 1), (242, 1), (223, 3), (242, 1), (241, 0), (222, 3), (203, 3), (184, 3), (203, 1), (222, 1), (241, 1), (222, 3)], [(47, 0), (66, 1), (85, 1), (104, 1), (103, 0), (122, 1), (141, 1), (141, 1), (160, 1), (179, 1), (198, 1), (217, 1), (236, 1), (237, 2), (238, 2), (257, 1), (276, 1), (295, 1), (314, 1), (295, 3), (276, 3), (275, 0), (256, 3), (237, 3), (237, 3), (218, 3), (237, 1), (238, 2), (257, 1), (258, 2), (258, 2), (257, 0), (276, 1), (295, 1), (276, 3), (257, 3), (258, 2), (258, 2), (259, 2), (240, 3), (240, 3), (241, 2), (222, 3), (222, 3), (223, 2), (222, 0), (221, 0), (222, 2), (241, 1), (240, 0), (259, 1), (258, 0), (259, 2), (259, 2), (278, 1), (278, 1), (277, 0), (258, 3), (277, 1), (296, 1), (297, 2), (278, 3), (278, 3), (279, 2), (260, 3), (259, 0), (260, 2), (260, 2), (260, 2), (279, 1), (278, 0), (297, 1), (316, 1), (317, 2), (317, 2), (298, 3), (297, 0), (316, 1), (315, 0), (314, 0), (295, 3), (276, 3), (277, 2), (277, 2), (277, 2), (296, 1), (315, 1), (334, 1), (315, 3), (315, 3), (296, 3), (297, 2), (278, 3), (297, 1), (316, 1), (316, 1), (317, 2), (336, 1), (336, 1), (355, 1), (354, 0)], [(47, 0), (66, 1), (85, 1), (86, 2), (105, 1), (124, 1), (124, 1), (105, 3), (106, 2), (105, 0), (86, 3), (105, 1), (124, 1), (123, 0), (104, 3), (105, 2), (106, 2), (125, 1), (126, 2), (107, 3), (107, 3), (88, 3), (69, 3), (68, 0), (68, 0), (67, 0), (48, 3), (48, 3), (47, 0), (66, 1), (85, 1), (86, 2), (105, 1), (124, 1), (123, 0), (124, 2), (124, 2), (143, 1), (142, 0), (142, 0), (141, 0), (160, 1), (179, 1), (180, 2), (181, 2), (200, 1), (200, 1), (199, 0), (198, 0), (217, 1), (236, 1), (237, 2), (238, 2), (239, 2), (240, 2), (241, 2), (260, 1), (261, 2), (260, 0), (279, 1), (279, 1), (298, 1), (299, 2), (280, 3), (279, 0), (260, 3), (279, 1), (279, 1), (260, 3), (260, 3), (279, 1), (260, 3), (261, 2), (261, 2), (261, 2), (242, 3), (243, 2), (244, 2), (244, 2), (263, 1), (263, 1), (282, 1), (281, 0), (300, 1), (299, 0), (280, 3), (279, 0), (260, 3), (260, 3), (260, 3), (279, 1), (280, 2), (280, 2), (281, 2), (280, 0), (299, 1), (300, 2), (281, 3), (300, 1), (319, 1), (300, 3)], [(47, 0), (66, 1), (85, 1), (86, 2), (105, 1), (124, 1), (143, 1), (162, 1), (143, 3), (124, 3), (123, 0), (122, 0), (141, 1), (160, 1), (179, 1), (198, 1), (217, 1), (236, 1), (237, 2), (238, 2), (219, 3), (219, 3), (238, 1), (239, 2), (220, 3), (221, 2), (221, 2), (220, 0), (239, 1), (258, 1), (258, 1), (257, 0), (276, 1), (295, 1), (314, 1), (333, 1), (332, 0), (333, 2), (334, 2), (335, 2), (316, 3), (335, 1), (354, 1), (354, 1), (335, 3), (334, 0), (315, 3), (296, 3), (315, 1), (334, 1), (353, 1), (334, 3), (333, 0), (332, 0), (333, 2), (314, 3), (315, 2), (315, 2), (334, 1), (333, 0), (314, 3), (333, 1), (332, 0), (333, 2), (314, 3), (315, 2), (316, 2), (315, 0), (334, 1), (334, 1), (335, 2), (316, 3), (317, 2), (298, 3), (279, 3), (260, 3), (259, 0), (258, 0), (259, 2), (278, 1), (278, 1), (297, 1), (297, 1), (278, 3), (279, 2), (298, 1), (298, 1), (317, 1), (318, 2), (318, 2), (337, 1), (356, 1), (357, 2), (357, 1), (357, 1), (338, 3), (357, 1), (338, 3), (338, 3), (338, 3), (338, 3)], [(47, 0), (66, 1), (85, 1), (86, 2), (105, 1), (124, 1), (143, 1), (162, 1), (181, 1), (180, 0), (179, 0), (160, 3), (141, 3), (160, 1), (179, 1), (198, 1), (217, 1), (236, 1), (237, 2), (238, 2), (257, 1), (276, 1), (295, 1), (314, 1), (333, 1), (332, 0), (351, 1), (350, 0), (350, 0), (331, 3), (332, 2), (351, 1), (351, 1), (332, 3), (331, 0), (330, 0), (331, 2), (350, 1), (351, 2), (351, 1), (351, 1), (352, 2), (351, 0), (352, 2), (353, 2), (334, 3), (335, 2), (316, 3), (297, 3), (298, 2), (279, 3), (278, 0), (259, 3), (258, 0), (239, 3), (240, 2), (259, 1), (278, 1), (297, 1), (296, 0), (277, 3), (277, 3), (278, 2), (278, 2), (259, 3), (258, 0), (259, 2), (240, 3), (240, 3), (221, 3), (240, 1), (240, 1), (241, 2), (260, 1), (279, 1), (278, 0), (278, 0), (259, 3), (278, 1), (297, 1), (297, 1), (297, 1), (297, 1), (278, 3), (259, 3), (278, 1), (259, 3), (240, 3), (221, 3), (221, 3), (222, 2), (221, 0), (221, 0), (221, 0), (220, 0), (201, 3), (201, 3), (220, 1), (220, 1), (239, 1), (240, 2)], [(47, 0), (66, 1), (85, 1), (86, 2), (105, 1), (124, 1), (143, 1), (162, 1), (181, 1), (180, 0), (179, 0), (160, 3), (141, 3), (160, 1), (179, 1), (198, 1), (217, 1), (236, 1), (237, 2), (238, 2), (257, 1), (276, 1), (295, 1), (314, 1), (333, 1), (332, 0), (331, 0), (312, 3), (313, 2), (312, 0), (293, 3), (294, 2), (275, 3), (256, 3), (275, 1), (294, 1), (313, 1), (294, 3), (295, 2), (276, 3), (275, 0), (275, 0), (274, 0), (273, 0), (272, 0), (253, 3), (234, 3), (234, 3), (233, 0), (214, 3), (215, 2), (234, 1), (234, 1), (253, 1), (234, 3), (234, 3), (233, 0), (214, 3), (195, 3), (196, 2), (196, 2), (196, 2), (197, 2), (198, 2), (217, 1), (236, 1), (237, 2), (238, 2), (257, 1), (276, 1), (295, 1), (314, 1), (333, 1), (332, 0), (332, 0), (331, 0), (312, 3), (313, 2), (312, 0), (293, 3), (292, 0), (293, 2), (294, 2), (294, 2), (313, 1), (313, 1), (332, 1), (333, 2), (332, 0), (331, 0), (312, 3), (313, 2), (312, 0), (293, 3), (312, 1), (331, 1), (312, 3), (313, 2), (312, 0), (293, 3), (293, 3)], [(47, 0), (66, 1), (85, 1), (86, 2), (105, 1), (124, 1), (143, 1), (162, 1), (181, 1), (180, 0), (179, 0), (160, 3), (141, 3), (160, 1), (179, 1), (198, 1), (217, 1), (236, 1), (237, 2), (238, 2), (257, 1), (276, 1), (295, 1), (314, 1), (333, 1), (333, 1), (332, 0), (332, 0), (331, 0), (312, 3), (311, 0), (292, 3), (293, 2), (274, 3), (275, 2), (256, 3), (257, 2), (276, 1), (295, 1), (314, 1), (333, 1), (333, 1), (332, 0), (331, 0), (331, 0), (312, 3), (311, 0), (292, 3), (293, 2), (294, 2), (295, 2), (276, 3), (295, 1), (314, 1), (333, 1), (332, 0), (331, 0), (312, 3), (311, 0), (292, 3), (293, 2), (294, 2), (294, 2), (275, 3), (274, 0), (293, 1), (294, 2), (295, 2), (314, 1), (333, 1), (333, 1), (333, 1), (332, 0), (351, 1), (351, 1), (351, 1), (332, 3), (332, 3), (332, 3), (313, 3), (314, 2), (315, 2), (315, 2), (296, 3), (315, 1), (315, 1), (315, 1), (334, 1), (315, 3), (314, 0), (314, 0), (315, 2), (334, 1), (335, 2), (334, 0), (333, 0), (334, 2), (333, 0), (333, 0), (332, 0), (333, 2)], [(47, 0), (66, 1), (85, 1), (86, 2), (105, 1), (124, 1), (143, 1), (162, 1), (181, 1), (180, 0), (179, 0), (160, 3), (141, 3), (160, 1), (179, 1), (198, 1), (217, 1), (236, 1), (237, 2), (238, 2), (257, 1), (276, 1), (295, 1), (314, 1), (333, 1), (332, 0), (332, 0), (332, 0), (313, 3), (313, 3), (294, 3), (313, 1), (294, 3), (294, 3), (295, 2), (314, 1), (333, 1), (332, 0), (332, 0), (331, 0), (312, 3), (312, 3), (311, 0), (292, 3), (293, 2), (294, 2), (313, 1), (312, 0), (311, 0), (292, 3), (293, 2), (312, 1), (312, 1), (311, 0), (292, 3), (291, 0), (291, 0), (272, 3), (253, 3), (254, 2), (255, 2), (236, 3), (236, 3), (236, 3), (237, 2), (238, 2), (257, 1), (276, 1), (295, 1), (314, 1), (333, 1), (332, 0), (331, 0), (312, 3), (311, 0), (292, 3), (293, 2), (293, 2), (294, 2), (293, 0), (274, 3), (273, 0), (254, 3), (273, 1), (254, 3), (253, 0), (272, 1), (253, 3), (253, 3), (254, 2), (253, 0), (234, 3), (233, 0), (252, 1), (233, 3), (252, 1), (233, 3), (252, 1), (271, 1), (271, 1), (290, 1)], [(47, 0), (66, 1), (85, 1), (86, 2), (105, 1), (124, 1), (143, 1), (162, 1), (181, 1), (180, 0), (179, 0), (160, 3), (141, 3), (160, 1), (179, 1), (198, 1), (217, 1), (236, 1), (237, 2), (238, 2), (257, 1), (276, 1), (295, 1), (314, 1), (333, 1), (332, 0), (333, 2), (314, 3), (295, 3), (296, 2), (295, 0), (296, 2), (315, 1), (316, 2), (315, 0), (316, 2), (335, 1), (354, 1), (354, 1), (353, 0), (334, 3), (333, 0), (332, 0), (332, 0), (331, 0), (332, 2), (333, 2), (333, 2), (334, 2), (335, 2), (334, 0), (333, 0), (352, 1), (353, 2), (334, 3), (333, 0), (314, 3), (313, 0), (312, 0), (312, 0), (311, 0), (292, 3), (293, 2), (274, 3), (293, 1), (274, 3), (255, 3), (254, 0), (273, 1), (273, 1), (292, 1), (311, 1), (292, 3), (293, 2), (292, 0), (293, 2), (312, 1), (313, 2), (312, 0), (313, 2), (312, 0), (313, 2), (332, 1), (331, 0), (331, 0), (331, 0), (332, 2), (313, 3), (314, 2), (314, 2), (333, 1), (333, 1), (332, 0), (313, 3), (294, 3), (294, 3), (313, 1), (312, 0), (293, 3), (274, 3), (273, 0)], [(47, 0), (66, 1), (85, 1), (86, 2), (105, 1), (124, 1), (143, 1), (162, 1), (181, 1), (180, 0), (179, 0), (160, 3), (141, 3), (160, 1), (179, 1), (198, 1), (217, 1), (236, 1), (237, 2), (238, 2), (257, 1), (276, 1), (295, 1), (314, 1), (313, 0), (312, 0), (293, 3), (312, 1), (311, 0), (292, 3), (293, 2), (294, 2), (294, 2), (295, 2), (294, 0), (293, 0), (294, 2), (295, 2), (314, 1), (333, 1), (332, 0), (313, 3), (294, 3), (293, 0), (292, 0), (292, 0), (291, 0), (310, 1), (311, 2), (330, 1), (330, 1), (311, 3), (330, 1), (311, 3), (330, 1), (329, 0), (330, 2), (329, 0), (329, 0), (330, 2), (331, 2), (332, 2), (331, 0), (312, 3), (311, 0), (292, 3), (293, 2), (312, 1), (331, 1), (312, 3), (313, 2), (312, 0), (312, 0), (293, 3), (292, 0), (291, 0), (310, 1), (329, 1), (348, 1), (329, 3), (348, 1), (348, 1), (348, 1), (348, 1), (349, 2), (349, 1), (348, 0), (348, 0), (347, 0), (347, 0), (347, 1), (346, 0), (346, 1), (346, 1), (345, 0), (346, 2), (345, 0), (326, 3), (307, 3), (326, 1), (325, 0)], [(47, 0), (66, 1), (85, 1), (86, 2), (105, 1), (124, 1), (143, 1), (162, 1), (181, 1), (180, 0), (179, 0), (160, 3), (141, 3), (160, 1), (179, 1), (198, 1), (217, 1), (236, 1), (237, 2), (238, 2), (257, 1), (276, 1), (295, 1), (314, 1), (295, 3), (294, 0), (293, 0), (294, 2), (294, 2), (294, 2), (295, 2), (295, 2), (276, 3), (275, 0), (294, 1), (293, 0), (274, 3), (275, 2), (275, 2), (275, 2), (256, 3), (275, 1), (294, 1), (295, 2), (314, 1), (295, 3), (294, 0), (294, 0), (294, 0), (294, 0), (294, 0), (294, 0), (294, 0), (293, 0), (312, 1), (313, 2), (332, 1), (331, 0), (331, 0), (350, 1), (350, 1), (331, 3), (312, 3), (311, 0), (292, 3), (311, 1), (330, 1), (329, 0), (328, 0), (329, 2), (330, 2), (330, 2), (331, 2), (350, 1), (350, 1), (331, 3), (312, 3), (313, 2), (312, 0), (313, 2), (312, 0), (311, 0), (312, 2), (293, 3), (294, 2), (294, 2), (295, 2), (314, 1), (295, 3), (314, 1), (333, 1), (332, 0), (313, 3), (314, 2), (295, 3), (294, 0), (294, 0), (294, 0), (275, 3), (294, 1), (295, 2)], [(47, 0), (66, 1), (85, 1), (86, 2), (105, 1), (124, 1), (143, 1), (162, 1), (181, 1), (180, 0), (179, 0), (160, 3), (141, 3), (160, 1), (179, 1), (198, 1), (217, 1), (236, 1), (237, 2), (238, 2), (257, 1), (276, 1), (295, 1), (295, 1), (295, 1), (314, 1), (314, 1), (314, 1), (314, 1), (333, 1), (333, 1), (332, 0), (313, 3), (313, 3), (294, 3), (293, 0), (294, 2), (313, 1), (294, 3), (293, 0), (293, 0), (312, 1), (293, 3), (274, 3), (273, 0), (274, 2), (274, 2), (273, 0), (273, 0), (273, 0), (273, 0), (272, 0), (291, 1), (272, 3), (291, 1), (272, 3), (253, 3), (252, 0), (253, 2), (252, 0), (253, 2), (252, 0), (252, 0), (251, 0), (250, 0), (251, 2), (250, 0), (251, 2), (270, 1), (289, 1), (289, 1), (290, 2), (291, 2), (292, 2), (293, 2), (294, 2), (295, 2), (295, 2), (296, 2), (296, 2), (277, 3), (277, 3), (258, 3), (257, 0), (276, 1), (295, 1), (295, 1), (295, 1), (294, 0), (313, 1), (294, 3), (293, 0), (294, 2), (294, 2), (294, 2), (294, 2), (295, 2), (314, 1), (333, 1), (334, 2), (333, 0)], [(47, 0), (66, 1), (85, 1), (86, 2), (105, 1), (124, 1), (143, 1), (162, 1), (181, 1), (180, 0), (179, 0), (160, 3), (141, 3), (160, 1), (179, 1), (198, 1), (217, 1), (236, 1), (237, 2), (238, 2), (257, 1), (256, 0), (257, 2), (238, 3), (238, 3), (257, 1), (276, 1), (295, 1), (294, 0), (313, 1), (332, 1), (313, 3), (314, 2), (295, 3), (294, 0), (313, 1), (332, 1), (331, 0), (330, 0), (331, 2), (330, 0), (349, 1), (348, 0), (348, 1), (329, 3), (310, 3), (291, 3), (290, 0), (271, 3), (272, 2), (271, 0), (290, 1), (271, 3), (270, 0), (269, 0), (269, 0), (250, 3), (249, 0), (250, 2), (231, 3), (250, 1), (269, 1), (269, 1), (269, 1), (268, 0), (267, 0), (286, 1), (287, 2), (286, 0), (285, 0), (266, 3), (266, 3), (285, 1), (285, 1), (304, 1), (304, 1), (305, 2), (324, 1), (305, 3), (304, 0), (304, 0), (304, 0), (304, 0), (323, 1), (323, 1), (323, 1), (323, 0), (323, 0), (323, 0), (323, 0), (324, 2), (343, 1), (343, 1), (343, 1), (342, 0), (342, 1), (323, 3), (323, 0), (342, 1), (342, 1), (342, 1)], [(47, 0), (66, 1), (85, 1), (86, 2), (105, 1), (124, 1), (143, 1), (162, 1), (181, 1), (180, 0), (179, 0), (160, 3), (141, 3), (160, 1), (179, 1), (198, 1), (217, 1), (236, 1), (237, 2), (238, 2), (257, 1), (276, 1), (295, 1), (276, 3), (275, 0), (294, 1), (293, 0), (312, 1), (313, 2), (332, 1), (313, 3), (312, 0), (293, 3), (294, 2), (313, 1), (294, 3), (293, 0), (312, 1), (313, 2), (313, 2), (332, 1), (313, 3), (294, 3), (313, 1), (332, 1), (332, 1), (313, 3), (294, 3), (295, 2), (294, 0), (313, 1), (332, 1), (313, 3), (294, 3), (293, 0), (312, 1), (313, 2), (332, 1), (313, 3), (294, 3), (295, 2), (314, 1), (314, 1), (333, 1), (333, 1), (352, 1), (352, 1), (333, 3), (314, 3), (295, 3), (294, 0), (313, 1), (332, 1), (313, 3), (314, 2), (295, 3), (296, 2), (315, 1), (315, 1), (314, 0), (313, 0), (312, 0), (293, 3), (292, 0), (311, 1), (330, 1), (349, 1), (349, 1), (349, 1), (330, 3), (330, 3), (331, 2), (350, 1), (350, 1), (350, 1), (349, 0), (349, 1), (350, 2), (349, 0), (330, 3), (330, 3)], [(47, 0), (66, 1), (85, 1), (86, 2), (105, 1), (124, 1), (143, 1), (162, 1), (181, 1), (180, 0), (179, 0), (160, 3), (141, 3), (160, 1), (179, 1), (198, 1), (217, 1), (236, 1), (237, 2), (238, 2), (257, 1), (258, 2), (258, 2), (239, 3), (258, 1), (239, 3), (240, 2), (240, 2), (239, 0), (258, 1), (257, 0), (276, 1), (295, 1), (295, 1), (294, 0), (313, 1), (332, 1), (313, 3), (314, 2), (333, 1), (332, 0), (313, 3), (314, 2), (295, 3), (294, 0), (294, 0), (295, 2), (276, 3), (295, 1), (294, 0), (313, 1), (332, 1), (351, 1), (351, 1), (351, 1), (351, 1), (351, 1), (351, 1), (352, 2), (352, 2), (351, 0), (351, 0), (351, 0), (351, 1), (351, 1), (332, 3), (332, 3), (313, 3), (332, 1), (332, 1), (332, 1), (313, 3), (294, 3), (294, 3), (295, 2), (294, 0), (313, 1), (312, 0), (313, 2), (332, 1), (332, 1), (313, 3), (312, 0), (312, 0), (313, 2), (332, 1), (351, 1), (351, 1), (352, 2), (351, 0), (352, 2), (353, 2), (334, 3), (315, 3), (314, 0), (313, 0), (312, 0), (293, 3), (312, 1), (313, 2), (332, 1)], [(47, 0), (66, 1), (85, 1), (86, 2), (105, 1), (124, 1), (143, 1), (162, 1), (181, 1), (180, 0), (179, 0), (160, 3), (141, 3), (160, 1), (179, 1), (198, 1), (217, 1), (236, 1), (237, 2), (238, 2), (257, 1), (276, 1), (295, 1), (296, 2), (297, 2), (296, 0), (297, 2), (296, 0), (296, 0), (295, 0), (314, 1), (295, 3), (294, 0), (294, 0), (294, 0), (293, 0), (293, 0), (312, 1), (312, 1), (312, 1), (312, 1), (312, 1), (313, 2), (332, 1), (331, 0), (350, 1), (331, 3), (331, 3), (331, 3), (312, 3), (293, 3), (274, 3), (255, 3), (236, 3), (255, 1), (256, 2), (237, 3), (218, 3), (237, 1), (238, 2), (257, 1), (276, 1), (295, 1), (294, 0), (294, 0), (293, 0), (312, 1), (331, 1), (332, 2), (351, 1), (351, 1), (350, 0), (350, 1), (331, 3), (312, 3), (312, 3), (331, 1), (332, 2), (331, 0), (312, 3), (331, 1), (332, 2), (332, 2), (332, 2), (333, 2), (332, 0), (313, 3), (312, 0), (293, 3), (274, 3), (255, 3), (236, 3), (237, 2), (238, 2), (257, 1), (258, 2), (239, 3), (258, 1), (239, 3), (239, 3), (220, 3)], [(47, 0), (66, 1), (85, 1), (86, 2), (105, 1), (124, 1), (143, 1), (162, 1), (181, 1), (180, 0), (179, 0), (160, 3), (141, 3), (160, 1), (179, 1), (198, 1), (217, 1), (236, 1), (237, 2), (238, 2), (257, 1), (276, 1), (295, 1), (314, 1), (314, 1), (314, 1), (313, 0), (312, 0), (293, 3), (293, 3), (274, 3), (255, 3), (236, 3), (237, 2), (238, 2), (257, 1), (276, 1), (276, 1), (295, 1), (295, 1), (295, 1), (276, 3), (295, 1), (294, 0), (294, 0), (313, 1), (332, 1), (332, 1), (313, 3), (294, 3), (294, 3), (293, 0), (274, 3), (255, 3), (274, 1), (274, 1), (273, 0), (272, 0), (273, 2), (272, 0), (253, 3), (272, 1), (271, 0), (271, 0), (271, 0), (271, 0), (271, 0), (290, 1), (271, 3), (272, 2), (273, 2), (254, 3), (273, 1), (292, 1), (293, 2), (312, 1), (312, 1), (312, 1), (313, 2), (332, 1), (313, 3), (314, 2), (333, 1), (314, 3), (295, 3), (294, 0), (293, 0), (274, 3), (255, 3), (236, 3), (237, 2), (238, 2), (257, 1), (276, 1), (257, 3), (238, 3), (257, 1), (276, 1), (295, 1), (295, 1), (276, 3)], [(47, 0), (66, 1), (85, 1), (86, 2), (105, 1), (124, 1), (143, 1), (162, 1), (181, 1), (180, 0), (179, 0), (160, 3), (141, 3), (160, 1), (179, 1), (198, 1), (217, 1), (236, 1), (237, 2), (238, 2), (257, 1), (276, 1), (257, 3), (238, 3), (257, 1), (276, 1), (295, 1), (314, 1), (313, 0), (312, 0), (293, 3), (312, 1), (312, 1), (311, 0), (312, 2), (331, 1), (332, 2), (313, 3), (314, 2), (295, 3), (294, 0), (294, 0), (313, 1), (332, 1), (313, 3), (332, 1), (331, 0), (350, 1), (349, 0), (330, 3), (349, 1), (349, 1), (350, 2), (351, 2), (350, 0), (350, 0), (349, 0), (330, 3), (311, 3), (330, 1), (330, 1), (349, 1), (350, 2), (331, 3), (330, 0), (329, 0), (330, 2), (329, 0), (310, 3), (291, 3), (292, 2), (293, 2), (292, 0), (293, 2), (294, 2), (295, 2), (294, 0), (313, 1), (332, 1), (313, 3), (312, 0), (293, 3), (312, 1), (312, 1), (331, 1), (331, 1), (332, 2), (333, 2), (314, 3), (295, 3), (294, 0), (293, 0), (274, 3), (293, 1), (294, 2), (313, 1), (332, 1), (313, 3), (313, 3), (332, 1), (351, 1)], [(47, 0), (66, 1), (85, 1), (86, 2), (105, 1), (124, 1), (143, 1), (162, 1), (181, 1), (180, 0), (179, 0), (160, 3), (141, 3), (160, 1), (179, 1), (198, 1), (217, 1), (236, 1), (237, 2), (238, 2), (257, 1), (276, 1), (295, 1), (294, 0), (293, 0), (292, 0), (311, 1), (292, 3), (273, 3), (272, 0), (273, 2), (273, 2), (254, 3), (235, 3), (236, 2), (255, 1), (274, 1), (255, 3), (236, 3), (237, 2), (238, 2), (257, 1), (276, 1), (295, 1), (294, 0), (293, 0), (274, 3), (255, 3), (236, 3), (237, 2), (238, 2), (257, 1), (276, 1), (295, 1), (294, 0), (293, 0), (294, 2), (313, 1), (332, 1), (333, 2), (352, 1), (352, 1), (333, 3), (333, 3), (314, 3), (315, 2), (316, 2), (316, 2), (316, 2), (315, 0), (315, 0), (296, 3), (277, 3), (278, 2), (277, 0), (278, 2), (279, 2), (280, 2), (261, 3), (261, 3), (261, 3), (260, 0), (259, 0), (278, 1), (278, 1), (277, 0), (277, 0), (276, 0), (277, 2), (296, 1), (277, 3), (278, 2), (277, 0), (296, 1), (277, 3), (258, 3), (257, 0), (276, 1), (295, 1), (294, 0), (313, 1)], [(47, 0), (66, 1), (85, 1), (86, 2), (105, 1), (124, 1), (143, 1), (162, 1), (181, 1), (180, 0), (179, 0), (160, 3), (141, 3), (160, 1), (179, 1), (198, 1), (217, 1), (236, 1), (237, 2), (238, 2), (237, 0), (238, 2), (237, 0), (256, 1), (255, 0), (274, 1), (273, 0), (274, 2), (273, 0), (274, 2), (275, 2), (276, 2), (275, 0), (294, 1), (293, 0), (312, 1), (313, 2), (332, 1), (351, 1), (352, 2), (333, 3), (314, 3), (313, 0), (332, 1), (331, 0), (312, 3), (293, 3), (274, 3), (255, 3), (236, 3), (237, 2), (238, 2), (257, 1), (276, 1), (295, 1), (314, 1), (295, 3), (294, 0), (293, 0), (293, 0), (274, 3), (293, 1), (294, 2), (313, 1), (332, 1), (313, 3), (294, 3), (313, 1), (312, 0), (312, 0), (293, 3), (274, 3), (293, 1), (292, 0), (292, 0), (292, 0), (292, 0), (273, 3), (274, 2), (274, 2), (274, 2), (274, 2), (255, 3), (236, 3), (237, 2), (238, 2), (257, 1), (276, 1), (295, 1), (294, 0), (294, 0), (293, 0), (312, 1), (312, 1), (331, 1), (331, 1), (332, 2), (332, 2), (351, 1), (351, 1), (351, 1)], [(47, 0), (66, 1), (85, 1), (86, 2), (105, 1), (124, 1), (143, 1), (162, 1), (181, 1), (180, 0), (179, 0), (160, 3), (141, 3), (160, 1), (179, 1), (198, 1), (217, 1), (236, 1), (237, 2), (238, 2), (257, 1), (276, 1), (295, 1), (294, 0), (293, 0), (312, 1), (312, 1), (331, 1), (331, 1), (331, 1), (331, 1), (332, 2), (313, 3), (314, 2), (313, 0), (312, 0), (293, 3), (294, 2), (313, 1), (294, 3), (293, 0), (293, 0), (292, 0), (293, 2), (292, 0), (293, 2), (274, 3), (255, 3), (236, 3), (237, 2), (238, 2), (257, 1), (276, 1), (295, 1), (294, 0), (294, 0), (293, 0), (312, 1), (313, 2), (313, 2), (332, 1), (313, 3), (314, 2), (314, 2), (295, 3), (295, 3), (296, 2), (315, 1), (314, 0), (313, 0), (313, 0), (313, 0), (294, 3), (295, 2), (294, 0), (293, 0), (293, 0), (293, 0), (312, 1), (312, 1), (293, 3), (274, 3), (255, 3), (236, 3), (237, 2), (238, 2), (257, 1), (276, 1), (295, 1), (294, 0), (294, 0), (293, 0), (312, 1), (331, 1), (331, 1), (331, 1), (331, 1), (331, 1), (331, 1), (332, 2), (313, 3)], [(47, 0), (66, 1), (85, 1), (86, 2), (105, 1), (124, 1), (143, 1), (162, 1), (181, 1), (180, 0), (179, 0), (160, 3), (141, 3), (160, 1), (179, 1), (198, 1), (217, 1), (236, 1), (237, 2), (238, 2), (257, 1), (276, 1), (295, 1), (294, 0), (294, 0), (293, 0), (312, 1), (331, 1), (331, 1), (331, 1), (331, 1), (331, 1), (332, 2), (332, 2), (313, 3), (314, 2), (295, 3), (294, 0), (294, 0), (293, 0), (293, 0), (312, 1), (331, 1), (331, 1), (331, 1), (331, 1), (332, 2), (332, 2), (351, 1), (352, 2), (353, 2), (352, 0), (353, 2), (334, 3), (315, 3), (314, 0), (313, 0), (312, 0), (311, 0), (330, 1), (349, 1), (349, 1), (350, 2), (350, 2), (331, 3), (312, 3), (311, 0), (311, 0), (312, 2), (331, 1), (332, 2), (332, 2), (332, 2), (351, 1), (352, 2), (352, 2), (353, 2), (353, 1), (352, 0), (353, 2), (353, 1), (352, 0), (352, 0), (352, 1), (352, 1), (353, 2), (334, 3), (315, 3), (334, 1), (334, 1), (334, 1), (315, 3), (296, 3), (277, 3), (278, 2), (277, 0), (258, 3), (257, 0), (257, 0), (276, 1), (295, 1)], [(47, 0), (66, 1), (85, 1), (86, 2), (105, 1), (124, 1), (143, 1), (162, 1), (181, 1), (180, 0), (179, 0), (160, 3), (141, 3), (160, 1), (179, 1), (198, 1), (217, 1), (236, 1), (237, 2), (238, 2), (237, 0), (238, 2), (237, 0), (238, 2), (237, 0), (238, 2), (257, 1), (276, 1), (257, 3), (257, 3), (257, 3), (238, 3), (257, 1), (276, 1), (257, 3), (238, 3), (238, 3), (257, 1), (276, 1), (257, 3), (238, 3), (257, 1), (276, 1), (257, 3), (257, 3), (257, 3), (238, 3), (257, 1), (276, 1), (257, 3), (238, 3), (257, 1), (276, 1), (257, 3), (257, 3), (238, 3), (257, 1), (276, 1), (276, 1), (295, 1), (294, 0), (294, 0), (293, 0), (274, 3), (255, 3), (236, 3), (237, 2), (238, 2), (257, 1), (257, 1), (276, 1), (257, 3), (238, 3), (257, 1), (276, 1), (295, 1), (295, 1), (295, 1), (276, 3), (276, 3), (275, 0), (274, 0), (293, 1), (292, 0), (293, 2), (294, 2), (295, 2), (295, 2), (294, 0), (294, 0), (294, 0), (294, 0), (294, 0), (293, 0), (274, 3), (255, 3), (236, 3), (237, 2), (238, 2), (219, 3), (238, 1)], [(47, 0), (66, 1), (85, 1), (86, 2), (105, 1), (124, 1), (143, 1), (162, 1), (181, 1), (180, 0), (179, 0), (160, 3), (141, 3), (160, 1), (179, 1), (198, 1), (217, 1), (236, 1), (237, 2), (238, 2), (257, 1), (276, 1), (295, 1), (294, 0), (293, 0), (312, 1), (331, 1), (332, 2), (351, 1), (351, 1), (350, 0), (351, 2), (351, 1), (332, 3), (331, 0), (332, 2), (313, 3), (313, 3), (313, 3), (294, 3), (293, 0), (312, 1), (331, 1), (332, 2), (331, 0), (331, 0), (332, 2), (333, 2), (333, 2), (314, 3), (295, 3), (294, 0), (293, 0), (312, 1), (311, 0), (312, 2), (313, 2), (294, 3), (295, 2), (294, 0), (293, 0), (293, 0), (312, 1), (311, 0), (312, 2), (331, 1), (332, 2), (332, 2), (333, 2), (333, 2), (334, 2), (335, 2), (336, 2), (317, 3), (317, 3), (336, 1), (335, 0), (354, 1), (353, 0), (334, 3), (335, 2), (336, 2), (336, 2), (336, 2), (337, 2), (338, 2), (319, 3), (320, 2), (301, 3), (282, 3), (301, 1), (282, 3), (263, 3), (263, 3), (263, 3), (263, 3), (262, 0), (263, 2), (262, 0), (281, 1), (282, 2)], [(47, 0), (66, 1), (85, 1), (86, 2), (105, 1), (124, 1), (143, 1), (162, 1), (181, 1), (180, 0), (179, 0), (160, 3), (141, 3), (160, 1), (179, 1), (198, 1), (217, 1), (236, 1), (237, 2), (238, 2), (257, 1), (276, 1), (295, 1), (294, 0), (293, 0), (294, 2), (295, 2), (314, 1), (314, 1), (313, 0), (294, 3), (295, 2), (314, 1), (314, 1), (295, 3), (314, 1), (313, 0), (294, 3), (293, 0), (293, 0), (293, 0), (294, 2), (295, 2), (276, 3), (275, 0), (275, 0), (274, 0), (274, 0), (293, 1), (274, 3), (274, 3), (255, 3), (256, 2), (257, 2), (256, 0), (256, 0), (257, 2), (238, 3), (257, 1), (276, 1), (295, 1), (294, 0), (293, 0), (293, 0), (294, 2), (295, 2), (294, 0), (293, 0), (312, 1), (331, 1), (332, 2), (313, 3), (312, 0), (313, 2), (294, 3), (293, 0), (292, 0), (292, 0), (311, 1), (312, 2), (331, 1), (332, 2), (331, 0), (331, 0), (312, 3), (313, 2), (314, 2), (314, 2), (314, 2), (314, 2), (314, 2), (314, 2), (315, 2), (314, 0), (315, 2), (296, 3), (296, 3), (295, 0), (296, 2), (295, 0), (294, 0)], [(47, 0), (66, 1), (85, 1), (86, 2), (105, 1), (124, 1), (143, 1), (162, 1), (181, 1), (180, 0), (179, 0), (160, 3), (141, 3), (160, 1), (179, 1), (198, 1), (217, 1), (236, 1), (237, 2), (238, 2), (257, 1), (276, 1), (295, 1), (295, 1), (294, 0), (293, 0), (274, 3), (255, 3), (236, 3), (237, 2), (238, 2), (257, 1), (276, 1), (295, 1), (295, 1), (295, 1), (295, 1), (295, 1), (295, 1), (294, 0), (293, 0), (274, 3), (274, 3), (255, 3), (236, 3), (236, 3), (237, 2), (238, 2), (257, 1), (276, 1), (295, 1), (294, 0), (293, 0), (274, 3), (255, 3), (236, 3), (237, 2), (238, 2), (257, 1), (276, 1), (295, 1), (294, 0), (293, 0), (274, 3), (255, 3), (236, 3), (237, 2), (238, 2), (257, 1), (276, 1), (295, 1), (294, 0), (293, 0), (274, 3), (274, 3), (255, 3), (236, 3), (237, 2), (238, 2), (257, 1), (276, 1), (295, 1), (295, 1), (294, 0), (293, 0), (274, 3), (255, 3), (236, 3), (237, 2), (238, 2), (257, 1), (276, 1), (295, 1), (314, 1), (313, 0), (312, 0), (331, 1), (332, 2), (332, 2), (332, 2), (332, 2)], [(47, 0), (66, 1), (85, 1), (86, 2), (105, 1), (124, 1), (143, 1), (162, 1), (181, 1), (180, 0), (179, 0), (160, 3), (141, 3), (160, 1), (179, 1), (198, 1), (217, 1), (236, 1), (237, 2), (238, 2), (257, 1), (276, 1), (295, 1), (294, 0), (294, 0), (293, 0), (312, 1), (331, 1), (332, 2), (332, 2), (333, 2), (314, 3), (295, 3), (294, 0), (293, 0), (293, 0), (274, 3), (274, 3), (274, 3), (255, 3), (236, 3), (236, 3), (217, 3), (236, 1), (237, 2), (238, 2), (257, 1), (276, 1), (295, 1), (295, 1), (294, 0), (294, 0), (293, 0), (312, 1), (331, 1), (332, 2), (313, 3), (294, 3), (293, 0), (292, 0), (291, 0), (290, 0), (289, 0), (288, 0), (307, 1), (308, 2), (307, 0), (288, 3), (288, 3), (289, 2), (290, 2), (271, 3), (272, 2), (253, 3), (253, 3), (252, 0), (251, 0), (232, 3), (231, 0), (232, 2), (213, 3), (194, 3), (193, 0), (194, 2), (213, 1), (232, 1), (232, 1), (231, 0), (231, 0), (250, 1), (249, 0), (268, 1), (269, 2), (250, 3), (249, 0), (250, 2), (269, 1), (270, 2), (269, 0), (288, 1), (287, 0)], [(47, 0), (66, 1), (85, 1), (86, 2), (105, 1), (124, 1), (143, 1), (162, 1), (181, 1), (180, 0), (179, 0), (160, 3), (141, 3), (160, 1), (179, 1), (198, 1), (217, 1), (236, 1), (237, 2), (238, 2), (257, 1), (276, 1), (295, 1), (294, 0), (294, 0), (294, 0), (294, 0), (294, 0), (293, 0), (293, 0), (312, 1), (331, 1), (332, 2), (332, 2), (332, 2), (333, 2), (314, 3), (314, 3), (295, 3), (296, 2), (277, 3), (276, 0), (276, 0), (295, 1), (294, 0), (294, 0), (294, 0), (294, 0), (294, 0), (294, 0), (294, 0), (275, 3), (294, 1), (293, 0), (293, 0), (292, 0), (293, 2), (312, 1), (293, 3), (274, 3), (255, 3), (236, 3), (217, 3), (236, 1), (237, 2), (238, 2), (257, 1), (276, 1), (295, 1), (294, 0), (293, 0), (294, 2), (275, 3), (276, 2), (257, 3), (238, 3), (257, 1), (276, 1), (295, 1), (314, 1), (313, 0), (332, 1), (313, 3), (313, 3), (332, 1), (313, 3), (314, 2), (295, 3), (294, 0), (294, 0), (293, 0), (274, 3), (274, 3), (273, 0), (254, 3), (254, 3), (235, 3), (234, 0), (234, 0), (215, 3), (234, 1)], [(47, 0), (66, 1), (85, 1), (86, 2), (105, 1), (124, 1), (143, 1), (162, 1), (181, 1), (180, 0), (179, 0), (160, 3), (141, 3), (160, 1), (179, 1), (198, 1), (217, 1), (236, 1), (237, 2), (238, 2), (257, 1), (276, 1), (295, 1), (314, 1), (313, 0), (294, 3), (293, 0), (274, 3), (275, 2), (276, 2), (277, 2), (276, 0), (295, 1), (314, 1), (313, 0), (332, 1), (313, 3), (312, 0), (312, 0), (311, 0), (310, 0), (291, 3), (291, 3), (290, 0), (271, 3), (290, 1), (309, 1), (290, 3), (309, 1), (290, 3), (289, 0), (289, 0), (308, 1), (307, 0), (288, 3), (289, 2), (289, 2), (289, 2), (288, 0), (289, 2), (288, 0), (287, 0), (268, 3), (267, 0), (286, 1), (285, 0), (266, 3), (266, 0), (266, 0), (285, 1), (285, 1), (285, 0), (304, 1), (285, 3), (285, 0), (304, 1), (304, 0), (305, 2), (324, 1), (323, 0), (324, 2), (325, 2), (324, 0), (323, 0), (323, 0), (304, 3), (323, 1), (323, 0), (342, 1), (342, 1), (342, 1), (342, 0), (323, 3), (342, 1), (323, 3), (323, 0), (342, 1), (343, 2), (342, 0), (342, 1), (343, 2)], [(47, 0), (66, 1), (85, 1), (86, 2), (105, 1), (124, 1), (143, 1), (162, 1), (181, 1), (180, 0), (179, 0), (160, 3), (141, 3), (160, 1), (179, 1), (198, 1), (217, 1), (236, 1), (237, 2), (238, 2), (257, 1), (276, 1), (295, 1), (294, 0), (293, 0), (274, 3), (255, 3), (236, 3), (217, 3), (236, 1), (237, 2), (238, 2), (257, 1), (276, 1), (295, 1), (295, 1), (294, 0), (293, 0), (312, 1), (331, 1), (332, 2), (313, 3), (314, 2), (314, 2), (314, 2), (314, 2), (313, 0), (294, 3), (295, 2), (295, 2), (314, 1), (313, 0), (294, 3), (295, 2), (294, 0), (293, 0), (294, 2), (275, 3), (294, 1), (313, 1), (332, 1), (331, 0), (332, 2), (332, 2), (351, 1), (352, 2), (351, 0), (332, 3), (313, 3), (312, 0), (293, 3), (312, 1), (312, 1), (313, 2), (294, 3), (293, 0), (274, 3), (255, 3), (236, 3), (236, 3), (217, 3), (236, 1), (237, 2), (238, 2), (257, 1), (276, 1), (295, 1), (294, 0), (293, 0), (292, 0), (291, 0), (292, 2), (311, 1), (311, 1), (311, 1), (292, 3), (273, 3), (292, 1), (273, 3), (254, 3), (255, 2)], [(47, 0), (66, 1), (85, 1), (86, 2), (105, 1), (124, 1), (143, 1), (162, 1), (181, 1), (180, 0), (179, 0), (160, 3), (141, 3), (160, 1), (179, 1), (198, 1), (217, 1), (236, 1), (237, 2), (238, 2), (257, 1), (276, 1), (295, 1), (294, 0), (293, 0), (274, 3), (255, 3), (236, 3), (217, 3), (236, 1), (237, 2), (238, 2), (257, 1), (276, 1), (295, 1), (295, 1), (295, 1), (294, 0), (293, 0), (274, 3), (255, 3), (236, 3), (217, 3), (236, 1), (237, 2), (238, 2), (257, 1), (276, 1), (295, 1), (294, 0), (293, 0), (274, 3), (275, 2), (275, 2), (274, 0), (275, 2), (294, 1), (313, 1), (332, 1), (333, 2), (332, 0), (313, 3), (312, 0), (313, 2), (294, 3), (293, 0), (274, 3), (293, 1), (294, 2), (313, 1), (332, 1), (331, 0), (331, 0), (332, 2), (332, 2), (332, 2), (313, 3), (294, 3), (293, 0), (274, 3), (274, 3), (274, 3), (274, 3), (274, 3), (275, 2), (256, 3), (256, 3), (275, 1), (274, 0), (293, 1), (294, 2), (313, 1), (332, 1), (331, 0), (332, 2), (313, 3), (313, 3), (294, 3), (294, 3), (275, 3), (274, 0)], [(47, 0), (66, 1), (85, 1), (86, 2), (105, 1), (124, 1), (143, 1), (162, 1), (181, 1), (180, 0), (179, 0), (160, 3), (141, 3), (160, 1), (179, 1), (198, 1), (217, 1), (236, 1), (237, 2), (238, 2), (257, 1), (276, 1), (295, 1), (294, 0), (294, 0), (294, 0), (295, 2), (314, 1), (313, 0), (294, 3), (295, 2), (295, 2), (294, 0), (293, 0), (294, 2), (313, 1), (332, 1), (351, 1), (350, 0), (351, 2), (332, 3), (333, 2), (334, 2), (315, 3), (314, 0), (314, 0), (313, 0), (313, 0), (312, 0), (313, 2), (314, 2), (313, 0), (294, 3), (275, 3), (294, 1), (293, 0), (274, 3), (255, 3), (236, 3), (236, 3), (255, 1), (255, 1), (254, 0), (255, 2), (236, 3), (217, 3), (236, 1), (237, 2), (238, 2), (257, 1), (276, 1), (295, 1), (314, 1), (315, 2), (334, 1), (335, 2), (335, 2), (354, 1), (353, 0), (354, 2), (354, 2), (354, 1), (355, 2), (354, 0), (354, 0), (354, 0), (353, 0), (354, 2), (355, 2), (355, 1), (336, 3), (337, 2), (356, 1), (356, 1), (356, 1), (337, 3), (318, 3), (317, 0), (318, 2), (318, 2), (317, 0)], [(47, 0), (66, 1), (85, 1), (86, 2), (105, 1), (124, 1), (143, 1), (162, 1), (181, 1), (180, 0), (179, 0), (160, 3), (141, 3), (160, 1), (179, 1), (198, 1), (217, 1), (236, 1), (237, 2), (238, 2), (237, 0), (237, 0), (218, 3), (237, 1), (238, 2), (257, 1), (276, 1), (295, 1), (294, 0), (293, 0), (292, 0), (273, 3), (254, 3), (255, 2), (236, 3), (236, 3), (237, 2), (238, 2), (238, 2), (257, 1), (276, 1), (295, 1), (294, 0), (313, 1), (332, 1), (332, 1), (351, 1), (352, 2), (352, 2), (333, 3), (334, 2), (353, 1), (354, 2), (335, 3), (335, 3), (354, 1), (353, 0), (353, 0), (353, 1), (353, 1), (334, 3), (335, 2), (334, 0), (315, 3), (314, 0), (295, 3), (294, 0), (293, 0), (274, 3), (293, 1), (294, 2), (294, 2), (294, 2), (294, 2), (294, 2), (294, 2), (293, 0), (274, 3), (275, 2), (275, 2), (276, 2), (275, 0), (275, 0), (274, 0), (274, 0), (274, 0), (255, 3), (236, 3), (217, 3), (236, 1), (237, 2), (238, 2), (257, 1), (276, 1), (295, 1), (294, 0), (293, 0), (274, 3), (255, 3), (256, 2), (257, 2)], [(47, 0), (66, 1), (85, 1), (86, 2), (105, 1), (124, 1), (143, 1), (162, 1), (181, 1), (180, 0), (179, 0), (160, 3), (141, 3), (160, 1), (179, 1), (198, 1), (217, 1), (236, 1), (237, 2), (238, 2), (257, 1), (276, 1), (295, 1), (314, 1), (333, 1), (332, 0), (351, 1), (350, 0), (331, 3), (312, 3), (311, 0), (312, 2), (312, 2), (312, 2), (313, 2), (312, 0), (293, 3), (292, 0), (293, 2), (274, 3), (255, 3), (255, 3), (236, 3), (217, 3), (236, 1), (237, 2), (238, 2), (257, 1), (276, 1), (295, 1), (314, 1), (313, 0), (312, 0), (293, 3), (274, 3), (255, 3), (236, 3), (217, 3), (236, 1), (237, 2), (238, 2), (257, 1), (276, 1), (295, 1), (295, 1), (314, 1), (333, 1), (314, 3), (333, 1), (332, 0), (331, 0), (312, 3), (313, 2), (314, 2), (333, 1), (334, 2), (315, 3), (314, 0), (313, 0), (332, 1), (332, 1), (332, 1), (351, 1), (350, 0), (331, 3), (331, 3), (312, 3), (293, 3), (293, 3), (274, 3), (255, 3), (236, 3), (237, 2), (238, 2), (257, 1), (276, 1), (295, 1), (294, 0), (293, 0), (293, 0), (294, 2)], [(47, 0), (66, 1), (85, 1), (86, 2), (105, 1), (124, 1), (143, 1), (162, 1), (181, 1), (180, 0), (179, 0), (160, 3), (141, 3), (160, 1), (179, 1), (198, 1), (217, 1), (236, 1), (237, 2), (238, 2), (257, 1), (276, 1), (295, 1), (294, 0), (293, 0), (274, 3), (255, 3), (254, 0), (255, 2), (236, 3), (217, 3), (236, 1), (237, 2), (238, 2), (257, 1), (276, 1), (295, 1), (294, 0), (293, 0), (274, 3), (275, 2), (275, 2), (276, 2), (276, 2), (257, 3), (238, 3), (257, 1), (276, 1), (295, 1), (295, 1), (296, 2), (295, 0), (294, 0), (293, 0), (294, 2), (313, 1), (332, 1), (313, 3), (294, 3), (275, 3), (256, 3), (237, 3), (218, 3), (199, 3), (200, 2), (199, 0), (218, 1), (237, 1), (237, 1), (238, 2), (257, 1), (276, 1), (295, 1), (295, 1), (294, 0), (293, 0), (293, 0), (293, 0), (293, 0), (274, 3), (255, 3), (256, 2), (256, 2), (257, 2), (238, 3), (257, 1), (276, 1), (295, 1), (295, 1), (294, 0), (293, 0), (293, 0), (294, 2), (295, 2), (314, 1), (295, 3), (294, 0), (293, 0), (294, 2), (295, 2), (295, 2)], [(47, 0), (66, 1), (85, 1), (86, 2), (105, 1), (124, 1), (143, 1), (162, 1), (181, 1), (180, 0), (179, 0), (160, 3), (141, 3), (160, 1), (179, 1), (198, 1), (217, 1), (236, 1), (237, 2), (238, 2), (257, 1), (276, 1), (295, 1), (314, 1), (313, 0), (294, 3), (295, 2), (295, 2), (276, 3), (275, 0), (294, 1), (313, 1), (313, 1), (313, 1), (332, 1), (332, 1), (331, 0), (331, 0), (332, 2), (332, 2), (313, 3), (294, 3), (294, 3), (293, 0), (274, 3), (275, 2), (274, 0), (255, 3), (254, 0), (255, 2), (236, 3), (217, 3), (236, 1), (237, 2), (238, 2), (257, 1), (276, 1), (295, 1), (294, 0), (293, 0), (294, 2), (313, 1), (332, 1), (351, 1), (352, 2), (353, 2), (334, 3), (315, 3), (314, 0), (313, 0), (332, 1), (351, 1), (351, 1), (332, 3), (313, 3), (313, 3), (294, 3), (293, 0), (294, 2), (313, 1), (313, 1), (313, 1), (332, 1), (351, 1), (351, 1), (332, 3), (331, 0), (332, 2), (332, 2), (332, 2), (331, 0), (350, 1), (351, 2), (332, 3), (351, 1), (352, 2), (351, 0), (351, 0), (350, 0), (331, 3), (312, 3)], [(47, 0), (66, 1), (85, 1), (86, 2), (105, 1), (124, 1), (143, 1), (162, 1), (181, 1), (180, 0), (179, 0), (160, 3), (141, 3), (160, 1), (179, 1), (198, 1), (217, 1), (236, 1), (237, 2), (238, 2), (257, 1), (276, 1), (295, 1), (314, 1), (313, 0), (294, 3), (275, 3), (294, 1), (313, 1), (332, 1), (331, 0), (350, 1), (350, 1), (331, 3), (312, 3), (313, 2), (294, 3), (293, 0), (294, 2), (313, 1), (332, 1), (313, 3), (313, 3), (313, 3), (312, 0), (312, 0), (313, 2), (314, 2), (295, 3), (294, 0), (294, 0), (293, 0), (294, 2), (313, 1), (332, 1), (331, 0), (350, 1), (351, 2), (352, 2), (352, 2), (333, 3), (352, 1), (352, 1), (333, 3), (352, 1), (353, 2), (354, 2), (335, 3), (316, 3), (315, 0), (296, 3), (315, 1), (296, 3), (295, 0), (294, 0), (313, 1), (332, 1), (333, 2), (333, 2), (314, 3), (314, 3), (313, 0), (294, 3), (293, 0), (294, 2), (313, 1), (332, 1), (331, 0), (332, 2), (333, 2), (333, 2), (333, 2), (314, 3), (313, 0), (294, 3), (293, 0), (294, 2), (313, 1), (332, 1), (331, 0), (332, 2)]]",False,11.097862958908081,,,1,7136a_00267,673670b78d564f2fbd1fcb9570aa13fd,2022-08-15_21-16-59,1660594619,11.097862958908081,92424,richards-mbp-2.lan,127.0.0.1,11.097862958908081,0,1,0.0061190128326416016
